0 0 0
0.121723 0.0474607 0.00183504
0.216989 -0.00483819 0.0116389
0.205462 -0.0405705 -0.00300452
0.309895 0.021999 0.00994685
0.291604 0.00889728 -0.00617216
0.383341 -0.0246464 -0.000427839
0.508177 0.00666087 0.0145748
0.514202 -0.0148564 -0.00480913
0.564837 0.00292572 -0.00416454
0.590211 -0.02718 -0.00255061
0.733017 -0.0143607 -0.016755
0.658487 0.00991286 -0.00563694
0.787681 -0.0146639 0.00800069
0.810756 0.0101696 0.0017729
0.858553 0.00767288 0.000476098
0.958066 -0.0145893 0.00747423
0.995323 -0.0243332 0.00279721
1.11899 0.0484053 0.0209404
1.08027 0.0109408 0.000879575
1.12948 -0.0172792 0.000217167
1.25159 0.0179772 0.0121031
1.30914 0.0717827 0.00662586
1.28277 0.00616351 0.00099938
1.39988 0.0115397 0.0110144
1.42152 -0.00707763 -0.00430165
1.4431 0.0109092 -0.00223807
1.489 -0.000495358 -0.000959489
1.57136 0.00765138 0.000140328
1.54772 -0.0233811 -0.00918624
1.6514 -0.00156393 0.000989143
1.74585 0.0466739 0.00150362
1.76033 0.0184928 0.00158771
1.82435 -0.0109182 0.00227788
2.04139 -0.00420208 0.00475649
1.9038 0.0013936 0.000760368
1.9768 -0.0096878 0.000941638
2.02669 0.000942992 0.00114589
2.07421 0.00556526 0.000564843
2.14298 0.00335036 -1.67828e-05
2.1899 0.0111345 0.000873551
2.22872 0.00165575 0.00142342
2.29923 -0.00155403 0.000782984
2.36526 -0.00109963 0.000743376
2.41882 -0.00295773 -2.68472e-05
2.47981 -0.0048222 -0.000414029
2.54012 -9.95941e-05 0.000595566
2.60364 0.000676631 -5.66702e-05
2.63154 0.00481642 0.000330641
2.70685 0.00588678 0.000900877
2.76636 0.00958709 -0.00288542
2.79914 0.00591109 0.000247061
2.85514 0.0126484 0.00140281
2.92489 0.020576 -0.000549098
3.05118 0.0372953 0.0141017
3.02612 0.000684418 0.00021668
3.05279 -0.00164214 -0.000113521
3.153 0.00879805 0.00114622
3.14737 -0.00119473 0.00516152
3.20998 0.00775398 -0.00307893
3.3189 -0.0182256 -0.00110308
3.33855 -0.000122387 0.000998086
3.35845 0.0498279 0.0104289
3.40523 0.0568873 0.0109339
3.49734 0.000879879 -0.000508644
3.55629 0.00387407 0.000464331
3.63759 -0.00760982 -0.000606114
3.65852 0.00520533 -0.000248327
3.79184 0.0230538 0.0104759
3.7789 0.000980769 0.00104141
3.82244 0.0112144 0.0015047
3.89694 -0.0151947 0.00195099
3.9309 -0.0211769 -0.0024266
3.98283 0.00143965 -1.17804e-06
4.02314 0.0125199 0.00241844
4.09263 -0.0117695 0.00105421
4.15939 -0.000617251 -0.000431509
4.19588 0.000562187 0.000156564
4.26037 0.00708078 0.00111064
4.30932 0.000741151 0.000703483
4.38293 0.000621486 0.000503394
4.41575 0.0462681 0.00470975
4.47977 -0.00869301 6.27548e-05
4.55028 0.0074237 0.000804009
4.60769 0.00367848 0.00134558
4.64189 0.0172489 0.000633828
4.70678 0.00320176 0.000936148
4.80263 0.0379552 0.00804946
4.79877 -0.000540324 0.000672819
4.87786 0.0137434 0.000296542
4.88079 0.0139272 -0.00436925
4.98796 -0.0151574 0.00141917
5.04521 0.00777591 0.00259964
5.05085 -0.0233072 -0.00342757
5.13771 0.0130831 0.000627245
5.26374 -0.0971257 0.018511
5.24548 0.0175415 0.000599025
5.29609 0.00105314 0.00110318
5.32102 -0.00847604 -0.00141791
5.38746 0.0841802 0.00032144
5.44913 0.00323181 0.000413198
5.51125 0.0117775 0.000912933
5.56494 0.00408248 0.000186803
5.5974 0.00907328 0.000154053
5.64308 0.0119777 0.000324994
5.71445 0.00963283 0.000407929
5.78325 0.0232507 -0.00163348
5.79474 -0.00497874 -0.000502743
5.86483 0.0072347 0.000924412
5.93648 -0.00071044 -0.000152145
5.97068 0.0204304 -0.00088448
6.05255 -0.0326285 0.00582511
6.08178 0.00547135 0.000453648
6.12803 -0.00413941 9.0216e-05
6.20857 0.00492969 0.000134685
6.22601 0.0130311 0.00101978
6.3348 0.012563 0.00232863
6.40425 -0.0487814 0.0102116
6.42478 -0.0128377 0.000224351
6.49162 0.0060155 0.000177621
6.52046 0.00300299 0.000616853
6.56806 0.000131429 0.00090483
6.62031 -0.00881765 -0.00136792
6.70043 -0.00938103 -0.000586013
6.74605 0.00877731 -0.000662452
6.79238 0.00846206 -0.000249394
6.85201 0.0122283 -0.000102168
6.89893 0.00440181 0.000449715
6.95035 0.00674335 -0.000754108
6.91759 0.0408915 -0.0170512
7.04727 0.0138047 -0.00439076
7.20205 -0.00431985 0.0133357
7.16077 -0.00665329 0.000773348
7.22423 -0.00635674 0.00123501
7.28614 -0.0142894 0.00152533
7.32136 0.00402749 0.000824219
7.38599 0.0140815 0.000301414
7.43404 -0.0175209 0.00213676
7.46961 -0.00384597 0.00163264
7.54837 0.0014703 0.000117724
7.60905 -0.00761829 0.00148949
7.64626 0.0111014 6.85291e-05
7.70211 0.0167429 -0.000425509
7.75981 -0.00343104 0.000376567
7.81784 0.0126376 -0.000276636
7.86878 -0.00917991 0.000805085
7.83829 0.0650443 -0.0196967
7.94085 0.0342591 -0.00901719
7.97047 -0.0190421 0.0137648
8.1017 0.0124701 0.0010145
8.16456 0.00320087 0.00406222
8.20393 0.0124497 -0.00255002
8.25423 0.00355767 0.000539559
8.30234 0.00455159 -9.15956e-06
8.36636 0.0193421 -0.000273269
8.37845 -0.0246704 0.0108725
8.46204 0.0177468 -0.00291161
8.55097 0.0234248 -0.000544746
8.57698 -0.0302417 0.00183425
8.64787 0.0217319 0.000104426
8.67627 -0.00864168 0.0018795
8.73946 0.015903 0.00027465
8.72964 0.0349363 -0.014581
8.87994 0.0116485 -0.00484951
8.89112 0.0293625 0.00240432
8.95399 0.0144675 -0.00031282
8.99246 0.0165435 -0.00646407
8.98722 0.0305801 -0.0184979
8.99894 -0.0121589 -0.014892
9.13658 0.0192259 -0.0105093
9.23304 -0.0201123 -0.000908528
9.29047 -0.0106479 0.00343088
9.34138 -0.00500574 0.00242165
9.42855 -0.0434814 0.0051868
9.41091 0.0222918 -0.0119454
9.48979 -0.000710067 0.00643835
9.58283 0.013376 -0.0011816
9.5727 0.00769704 -0.0112267
9.66057 -0.00640856 -0.00398139
9.68009 0.00529154 -0.0130057
9.85103 0.0131373 -0.0094856
9.9443 0.0178717 -0.0161658
9.84186 -0.00293918 0.0131451
9.94023 0.000392023 -0.0050573
10.0733 -0.00937014 0.0112152
10.026 -0.0123121 -0.0101578
10.1532 -0.00620126 -0.00575157
10.162 0.027775 -0.00239791
10.2365 -0.00144825 0.000432384
10.2784 -0.00846993 -0.0023134
10.396 0.0109525 0.011535
10.3824 0.00616186 -0.00185689
10.4631 -0.000178834 0.00358019
10.4582 0.00793178 -0.00811722
10.547 0.0113725 -0.00262899
10.666 -0.0294443 -0.010737
10.6414 0.031308 0.00677639
10.7437 0.0109349 0.00241452
10.7105 -0.0152873 -0.0135406
10.8018 0.0535446 -0.00384871
10.9069 0.00786401 0.00652636
10.935 -0.00460862 0.00046327
10.9846 0.0259363 0.00101323
11.064 0.0219834 0.00242792
11.0873 -0.00027963 -0.00201402
11.2534 0.0974578 0.000930916
11.1981 -0.00507131 0.000199507
11.2784 0.0029739 0.000168172
11.3118 0.0134285 0.000481809
11.475 0.00114955 0.000124529
11.5318 -0.00572558 0.027118
11.5832 0.0273422 0.0526027
11.6351 0.0188102 0.0918505
11.7191 0.0574157 0.130167
11.7388 0.0521377 0.159662
11.8188 0.0656637 0.193888
11.8712 0.0909231 0.232731
11.9945 0.14003 0.312204
12.0181 0.152609 0.311683
12.0797 0.176797 0.313903
12.1539 0.186244 0.312419
12.2099 0.198223 0.312143
12.2181 0.240787 0.308924
12.3184 0.224344 0.315874
12.3598 0.249366 0.312951
12.3922 0.274903 0.312602
12.4532 0.277788 0.312262
12.496 0.307706 0.312835
12.5585 0.324674 0.312507
12.5947 0.327674 0.312635
12.6463 0.358574 0.313614
12.7144 0.374666 0.311777
12.7533 0.396103 0.31199
12.8235 0.379837 0.312307
12.871 0.425087 0.313527
12.9598 0.457834 0.321388
12.9693 0.456674 0.312469
13.0428 0.477265 0.312441
13.09 0.487099 0.312823
13.122 0.51472 0.313933
13.153 0.510637 0.311426
13.2547 0.535697 0.313579
13.2714 0.554923 0.313633
13.4087 0.624321 0.32633
13.3791 0.59436 0.313136
13.4424 0.611853 0.312671
13.488 0.609972 0.312621
13.5489 0.632005 0.313065
13.6092 0.654988 0.31265
13.6478 0.673759 0.312579
13.7039 0.687687 0.312539
13.7661 0.702888 0.312768
13.8115 0.731901 0.312869
13.8743 0.742825 0.312415
13.9339 0.787061 0.319987
13.9714 0.779832 0.312475
14.0356 0.787683 0.312792
14.0774 0.80924 0.312844
14.1232 0.829125 0.312374
14.1779 0.839449 0.312601
14.2429 0.868113 0.312685
14.2612 0.859827 0.311989
14.3208 0.889609 0.312187
14.3929 0.911342 0.313486
14.4238 0.941795 0.313387
14.4644 0.931016 0.312813
14.5204 0.956431 0.313558
14.618 0.975904 0.315775
14.6352 0.984262 0.312589
14.6805 0.993428 0.313616
14.7341 1.025 0.312452
14.7953 1.0304 0.313497
14.8357 1.06993 0.312463
14.8988 1.07864 0.312809
14.9447 1.06334 0.316085
14.9872 1.11226 0.312342
15.0606 1.11691 0.31384
15.1241 1.13811 0.314946
15.1459 1.14674 0.31379
15.1997 1.17151 0.313566
15.2602 1.19586 0.31364
15.3301 1.19005 0.313957
15.3454 1.23795 0.313843
15.4111 1.24104 0.313397
15.4787 1.25951 0.312135
15.5177 1.27372 0.312321
15.5366 1.31137 0.31421
15.6446 1.29047 0.312113
15.6624 1.3214 0.312626
15.7183 1.33493 0.313215
15.7621 1.36929 0.312788
15.8306 1.36247 0.312993
15.8568 1.40174 0.313613
15.934 1.40365 0.312292
15.9655 1.42418 0.311622
16.0228 1.4457 0.312531
16.0827 1.47706 0.313582
16.1378 1.4584 0.314918
16.1621 1.49255 0.312788
16.2513 1.46902 0.321322
16.2818 1.53345 0.313444
16.3325 1.52397 0.313375
16.3635 1.54336 0.314281
16.4395 1.57122 0.313257
16.4863 1.60407 0.313178
16.5162 1.59039 0.311159
16.5782 1.61197 0.312468
16.6298 1.62544 0.313342
16.6881 1.63736 0.312454
16.7294 1.67804 0.312344
16.8249 1.6877 0.313647
16.8998 1.69062 0.317949
16.9269 1.70776 0.312892
17.0012 1.75287 0.318019
16.9866 1.71019 0.318929
17.064 1.77442 0.312873
17.0179 1.69031 0.330825
17.0749 1.8528 0.291092
17.0859 1.91692 0.276442
17.2621 1.85094 0.31301
17.3077 1.84501 0.313441
17.3563 1.87015 0.31185
17.4109 1.89658 0.313378
17.4783 1.90693 0.313171
17.5229 1.92644 0.313975
17.6002 1.88816 0.327354
17.6073 1.96176 0.313557
17.6776 1.97365 0.312711
17.7164 1.96438 0.31595
17.7784 2.00948 0.312976
17.8221 2.04125 0.308316
17.8809 2.03118 0.314262
17.9676 2.05081 0.32016
17.9865 2.05866 0.313687
18.0265 2.0825 0.314994
18.1059 2.09805 0.311995
18.1333 2.11498 0.313903
18.2239 2.11426 0.324959
18.207 2.18294 0.299975
18.2834 2.1449 0.315143
18.466 2.23367 0.310335
18.4962 2.19784 0.291529
18.5496 2.2387 0.258755
18.6266 2.24959 0.222801
18.6512 2.25322 0.190234
18.733 2.26886 0.155626
18.7717 2.25651 0.124022
18.9337 2.31329 0.0366141
19.0142 2.25474 0.0533134
19.1074 2.24134 0.0657407
19.0865 2.27196 0.0385326
19.2024 2.25701 0.0574455
19.1929 2.2766 0.0398222
19.2661 2.27123 0.0370915
19.2932 2.28192 0.0391789
19.427 2.26287 0.0639193
19.4425 2.30737 0.0488712
19.5621 2.26923 0.0306748
19.7277 2.27161 -0.0628525
19.7825 2.29068 -0.0621799
19.8658 2.28194 -0.0487729
19.8496 2.2593 -0.0758149
19.9673 2.26234 -0.0528646
20.0246 2.22365 -0.0520242
20.0513 2.27144 -0.0595009
20.0935 2.27206 -0.0594226
20.1718 2.25456 -0.051754
20.2567 2.24173 -0.0406848
20.2537 2.23149 -0.0615124
20.3743 2.22917 -0.0429584
20.4076 2.22159 -0.0528969
20.433 2.22717 -0.0610789
20.4756 2.22687 -0.0611904
20.633 2.23176 -0.0304485
20.5799 2.20012 -0.0666765
20.5919 2.21112 -0.0769703
20.7408 2.21824 -0.0468801
20.8116 2.21195 -0.145373
20.9098 2.14414 -0.165342
21.0221 2.13918 -0.18039
21.1055 2.14257 -0.17108
21.0537 2.08849 -0.204264
21.2139 2.13588 -0.169706
21.2122 2.08436 -0.193138
21.2106 2.04989 -0.209039
21.352 2.06444 -0.183355
21.4009 2.02499 -0.269679
21.4641 2.00143 -0.29028
21.5536 1.96949 -0.300467
21.7362 1.96695 -0.292511
21.7217 1.92588 -0.310776
21.7917 1.91666 -0.307456
21.8715 1.93701 -0.294619
21.888 1.87346 -0.308161
21.9007 1.84957 -0.318085
22.0172 1.85989 -0.299074
22.0294 1.85055 -0.306858
22.108 1.80665 -0.308199
22.243 1.7802 -0.305764
22.2873 1.75798 -0.328989
22.3531 1.76213 -0.355968
22.5114 1.68017 -0.440202
22.5584 1.68026 -0.439853
22.6008 1.66074 -0.437538
22.674 1.63147 -0.4351
22.6696 1.55852 -0.450641
22.7476 1.53855 -0.444037
22.8061 1.5335 -0.442851
22.8473 1.55776 -0.434507
22.8582 1.4618 -0.453042
22.951 1.38128 -0.461589
23.1165 1.31232 -0.469168
23.2248 1.37815 -0.449405
23.2534 1.31187 -0.457749
23.2382 1.273 -0.47001
23.3013 1.21606 -0.471819
23.4573 1.1905 -0.463107
23.5114 1.16956 -0.490561
23.5055 1.11012 -0.530275
23.6325 1.04106 -0.606527
23.6975 0.98452 -0.614332
23.761 1.04244 -0.601387
23.841 0.900232 -0.615065
23.8813 0.825071 -0.64027
24.0329 0.80667 -0.718177
24.0582 0.709599 -0.728329
24.1231 0.656304 -0.726846
24.1721 0.690952 -0.727051
24.1775 0.599611 -0.728356
24.2677 0.469895 -0.740315
24.3692 0.534586 -0.754406
24.3475 0.433957 -0.797314
24.5034 0.315427 -0.881383
24.5153 0.273759 -0.882538
24.5249 0.227751 -0.884462
24.5004 0.12317 -0.897422
24.5615 0.130531 -0.890341
24.6752 0.114139 -0.879867
24.6794 0.0624844 -0.879746
24.7422 0.0307942 -0.878783
24.7731 -0.0134481 -0.87891
24.8128 -0.0446003 -0.879049
24.8674 -0.170959 -0.87785
24.9616 -0.179536 -0.90017
24.8765 -0.169149 -0.916932
24.9527 -0.253528 -0.963023
25.0124 -0.35385 -0.998381
25.0626 -0.527011 -1.097
25.1183 -0.557192 -1.09477
25.1293 -0.587728 -1.09375
25.1828 -0.742072 -1.15857
25.2269 -0.801415 -1.19434
25.1991 -0.835178 -1.22153
25.2565 -0.994138 -1.32496
25.2678 -1.02377 -1.32802
25.2408 -1.10939 -1.33015
25.2905 -1.16242 -1.33483
25.2427 -1.0832 -1.31123
25.3316 -1.33167 -1.33031
25.2898 -1.37855 -1.34817
25.3673 -1.54681 -1.45283
25.3534 -1.58734 -1.47032
25.3538 -1.68278 -1.46913
25.3766 -1.78528 -1.47621
25.3882 -1.8025 -1.47246
25.3931 -1.89813 -1.47749
25.3857 -1.96605 -1.46511
25.426 -2.1444 -1.49868
25.4132 -2.08323 -1.52118
25.3622 -2.26277 -1.6206
25.4261 -2.42406 -1.64669
25.335 -2.32061 -1.61736
25.3608 -2.5281 -1.63018
25.3317 -2.5335 -1.6351
25.3464 -2.58641 -1.66589
25.3726 -2.74609 -1.72113
25.3366 -2.85267 -1.76183
25.2462 -2.84166 -1.82932
25.2332 -2.92804 -1.83127
25.2499 -3.07695 -1.84732
25.2371 -3.06811 -1.83895
25.2459 -3.13921 -1.84436
25.1816 -3.29907 -1.84713
25.1258 -3.43823 -1.93516
25.1056 -3.43653 -1.92517
25.1025 -3.50527 -1.92838
25.0761 -3.56165 -1.92815
25.062 -3.67322 -1.94027
25.052 -3.64668 -1.92669
25.0131 -3.74988 -1.93507
24.9809 -3.78925 -1.9339
24.9895 -3.86667 -1.93885
24.9544 -3.82099 -1.9204
24.9715 -3.95956 -1.93715
24.9368 -4.03362 -1.94067
24.8671 -4.06695 -1.93925
24.8604 -4.10263 -1.93798
24.9062 -4.2121 -1.93717
24.7898 -4.22017 -1.93632
24.8563 -4.27796 -1.93577
24.7862 -4.2997 -1.93529
24.7888 -4.35225 -1.93502
24.7419 -4.35376 -1.93805
24.7684 -4.46544 -1.93926
24.7335 -4.55006 -1.94183
24.6952 -4.48647 -1.94214
24.6898 -4.65487 -1.94066
24.6909 -4.6536 -1.93831
24.621 -4.76191 -1.93764
24.6777 -4.78573 -1.93737
24.5869 -4.85081 -1.93805
24.5886 -4.8574 -1.93119
24.6284 -4.9679 -1.93269
24.5753 -4.92378 -1.93442
24.5319 -5.03668 -1.93551
24.5922 -5.03139 -1.93935
24.3833 -5.08801 -1.9436
24.4922 -5.26962 -1.94966
24.4296 -5.27909 -1.94948
24.3847 -5.23892 -1.94981
24.4122 -5.4077 -1.94774
24.3927 -5.35366 -1.92831
24.3487 -5.39687 -1.92325
24.2648 -5.50057 -1.92683
24.3724 -5.53284 -1.93023
24.2995 -5.54141 -1.9216
24.2709 -5.71192 -1.94996
24.2337 -5.67251 -1.94525
24.2729 -5.71174 -1.94087
24.2425 -5.80297 -1.93765
24.2544 -5.77471 -1.93749
24.188 -5.91366 -1.93745
24.1849 -5.93442 -1.93436
24.1602 -6.00726 -1.93006
24.1494 -6.00507 -1.92578
24.0729 -6.20937 -1.93135
24.1072 -6.17508 -1.93679
24.1167 -6.19277 -1.9423
23.9687 -6.22925 -1.9479
24.0136 -6.38781 -1.95407
24.0171 -6.21957 -1.94507
23.996 -6.40999 -1.9352
23.9967 -6.42913 -1.92947
23.987 -6.46894 -1.92307
23.9563 -6.51694 -1.9228
24.0207 -6.611 -1.92392
23.8932 -6.62212 -1.92626
23.8845 -6.69502 -1.92865
23.8817 -6.75115 -1.92998
23.7486 -6.84059 -1.93944
23.7928 -6.92706 -1.94847
23.8402 -6.88756 -1.93672
23.7851 -6.95252 -1.92779
23.8377 -7.02489 -1.92655
23.7211 -7.07668 -1.92508
23.847 -7.08078 -1.92373
23.7504 -7.13179 -1.92219
23.7169 -7.27508 -1.91755
23.771 -7.24863 -1.91181
23.7352 -7.21328 -1.90587
23.7431 -7.44059 -1.92773
23.5902 -7.47536 -1.94592
23.6469 -7.42487 -1.91947
23.5589 -7.59866 -1.92953
23.4479 -7.79344 -2.0282
23.4493 -7.81775 -2.02633
23.4359 -7.82315 -2.01971
23.4677 -7.95889 -2.02308
23.3919 -7.96138 -2.0266
23.2875 -8.09214 -2.04899
23.2802 -8.10327 -2.03939
23.2983 -8.08731 -2.03812
23.3368 -8.17882 -2.03675
23.1567 -8.28917 -2.12832
23.1529 -8.45196 -2.13442
23.0657 -8.49926 -2.13215
23.0248 -8.43674 -2.12992
23.0035 -8.61852 -2.12737
22.913 -8.66126 -2.13364
22.9002 -8.77463 -2.13839
22.7636 -8.99297 -2.13835
22.7556 -8.983 -2.12781
22.712 -9.06641 -2.13624
22.6963 -9.06585 -2.12826
22.6608 -9.11259 -2.13466
22.5837 -9.11221 -2.14022
22.4643 -9.32413 -2.1582
22.4569 -9.3606 -2.16077
22.4275 -9.45791 -2.16238
22.4453 -9.5003 -2.1639
22.3716 -9.48892 -2.16468
22.1449 -9.80214 -2.23278
22.2212 -9.82391 -2.23685
22.1925 -9.8617 -2.2347
22.1176 -9.83277 -2.23317
21.9623 -9.89297 -2.2335
22.0259 -9.99096 -2.23365
22.0655 -10.0235 -2.21914
21.9773 -10.1351 -2.21923
21.8647 -10.2301 -2.25078
21.7995 -10.3104 -2.28864
21.7927 -10.2742 -2.3189
21.7448 -10.3816 -2.34656
21.775 -10.3106 -2.37706
21.6558 -10.4075 -2.46327
21.6387 -10.3989 -2.46996
21.4389 -10.5669 -2.47147
21.3831 -10.5002 -2.49975
21.2868 -10.6567 -2.58453
21.1271 -10.655 -2.59272
21.1926 -10.7085 -2.59386
21.2185 -10.7749 -2.5949
21.1095 -10.7819 -2.59347
21.0706 -10.7993 -2.58859
21.0566 -10.8038 -2.58434
20.8476 -10.925 -2.58424
20.9414 -10.8845 -2.58753
20.8549 -10.9006 -2.58636
20.8706 -10.9401 -2.58528
20.8471 -10.9618 -2.58967
20.7134 -11.0204 -2.5956
20.6467 -11.0585 -2.59368
20.6432 -11.0543 -2.59175
20.5674 -11.0647 -2.58514
20.6266 -11.107 -2.57767
20.5849 -11.1488 -2.58234
20.4565 -11.1149 -2.58623
20.4037 -11.2658 -2.58982
20.291 -11.2019 -2.59272
20.2624 -11.2034 -2.59542
20.2161 -11.2784 -2.59784
20.2535 -11.3295 -2.58512
20.1949 -11.3527 -2.58744
20.1664 -11.3927 -2.58535
20.0145 -11.3859 -2.60087
19.9855 -11.4571 -2.5997
19.9985 -11.5083 -2.59937
19.9364 -11.4442 -2.59947
19.8187 -11.493 -2.60041
19.8861 -11.4258 -2.60086
19.7415 -11.5823 -2.60241
19.7533 -11.6283 -2.60014
19.7355 -11.5642 -2.59796
19.7824 -11.6755 -2.59551
19.5832 -11.6928 -2.59397
19.5203 -11.752 -2.59201
19.5252 -11.7618 -2.59005
19.4136 -11.851 -2.59031
19.4272 -11.8344 -2.59061
19.3498 -11.7879 -2.59132
19.3198 -11.8607 -2.59256
19.2613 -11.9002 -2.59254
19.2388 -12.0073 -2.59254
19.1778 -11.9965 -2.59255
19.2 -12.1239 -2.59256
19.0583 -11.9578 -2.59254
19.0689 -12.1163 -2.59253
18.9104 -12.1812 -2.59255
18.9529 -12.1595 -2.59256
18.8096 -12.2688 -2.59255
18.8989 -12.1116 -2.59253
18.8509 -12.2036 -2.59254
18.7428 -12.2161 -2.59256
18.6101 -12.3855 -2.60348
18.63 -12.3569 -2.63435
18.4302 -12.367 -2.72386
18.4769 -12.416 -2.72906
18.3516 -12.4097 -2.72907
18.2524 -12.4132 -2.72908
18.2556 -12.4832 -2.72906
18.2121 -12.5024 -2.72906
18.1488 -12.5645 -2.72907
18.1241 -12.5711 -2.72908
18.0256 -12.6527 -2.72907
18.0608 -12.5825 -2.72906
17.9864 -12.6406 -2.72906
17.9835 -12.6339 -2.72908
17.8319 -12.6712 -2.72908
