#segundos nansegundos X Y Theta
21 21866000000 0.0184825792947 -0.036443749821 1.37036395197e-05
22 22318000000 0.0135982056104 0.0157255600245 0.000165468771964
22 22445000000 0.131680974551 0.0520091014545 0.000153719323382
22 22548000000 0.0556409740193 0.0356482175206 0.000144643547012
22 22659000000 0.225548841104 -0.0426889566243 0.000140755005758
22 22772000000 0.222758916846 -0.0525796760043 0.000143155921105
22 22898000000 0.208191970119 -0.140625839138 0.000149461079295
23 23022000000 0.275734228846 -0.0441010656444 0.000159191910052
23 23122000000 0.297757353096 0.0319071717429 0.000164382031197
23 23224000000 0.220126918368 0.0353956103399 0.000164750127799
23 23346000000 0.265945048685 0.0646535673818 0.000159754753706
23 23461000000 0.435118748876 -0.100887754829 0.000149356827395
23 23589000000 0.358700625373 -0.0207838642178 0.000142235658698
23 23699000000 0.374970475545 0.0086589383419 0.000140771565462
23 23800000000 0.474274242402 0.053492759564 0.000145200726501
23 23901000000 0.386131622064 -0.0466092563322 0.000153658511524
24 24025000000 0.477945278164 -0.0361693892965 0.000164754748132
24 24133000000 0.622785995137 0.0210212756464 0.000170993689205
24 24241000000 0.531571329284 -0.0256959145532 0.000169449172909
24 24359000000 0.502156187943 0.0103611912381 0.00016084443153
24 24467000000 0.563724721513 -0.0374334446647 0.000150307558091
24 24570000000 0.650594604391 0.0155497730625 0.000140246516507
24 24677000000 0.710786383745 -0.0129703095756 0.000138039348552
24 24778000000 0.694661548671 0.00990083215799 0.000140835857594
24 24892000000 0.638384495062 0.0460895563045 0.000148450229373
25 25003000000 0.61952079526 0.0186334161905 0.000157363256438
25 25115000000 0.787188839189 -0.0283609278921 0.000162459721659
25 25240000000 0.740947601424 0.0297887706236 0.000160882879346
25 25362000000 0.811252929291 0.0218962554722 0.000152755673567
25 25472000000 0.82785959107 -0.0927087720613 0.000144497740686
25 25583000000 0.83546226179 -0.0556052458567 0.000139408575847
25 25703000000 0.909840406216 0.0301683260819 0.000140642729348
25 25820000000 0.933590737067 -0.0368778191716 0.000146800369172
25 25930000000 1.01422722212 0.0250648783592 0.000152942976426
26 26046000000 0.97578594459 -0.0449321315326 0.000160972689383
26 26167000000 1.02820772656 -0.00728811099363 0.000162536864839
26 26273000000 1.09334395408 0.091578794796 0.000156293644394
26 26381000000 1.06305825776 0.0445981480561 0.000144190519819
26 26496000000 1.05654367729 0.0537047394803 0.000133827556243
26 26605000000 1.08791120136 0.0335661148038 0.000129229483508
26 26726000000 1.09370358312 -0.0244502824603 0.000131463214892
26 26841000000 1.22638559837 -0.015131917733 0.000141363056267
26 26944000000 1.20883516446 0.0299801409187 0.000153869854758
27 27048000000 1.25507877644 0.0122882119156 0.000161969312501
27 27151000000 1.26321857326 0.0787337541199 0.000162234434344
27 27256000000 1.21369228958 -0.0139583594787 0.000158280535954
27 27365000000 1.2326535034 0.00890495144874 0.000151185446523
27 27468000000 1.34935567179 0.0366063861181 0.000142510789548
27 27584000000 1.3552924358 -0.0299104038666 0.000138185461986
27 27691000000 1.41420014438 0.0213700478227 0.000140644936418
27 27798000000 1.36548795406 -0.0554313367137 0.000145518792404
27 27914000000 1.38993847981 0.0877871963688 0.000156706126091
28 28021000000 1.38894101147 0.00818900139498 0.000160927919677
28 28131000000 1.55001561016 -0.0780633684726 0.000161980702365
28 28239000000 1.47599217273 -0.0764453955189 0.000157106369725
28 28346000000 1.49215571163 0.000666647099994 0.000148230933819
28 28460000000 1.6786423252 -0.0642387612236 0.000140995122445
28 28573000000 1.55419078532 -0.0469250252003 0.000137365882299
28 28679000000 1.60057240636 -0.04856476701 0.000139682056633
28 28787000000 1.61358126596 0.0072656521751 0.000148850892027
28 28897000000 1.64807514871 0.0306265858126 0.000160409742821
29 29012000000 1.65369471849 0.0355364249439 0.000169697482893
29 29125000000 1.73267601085 0.070106412593 0.000170176578164
29 29232000000 1.80909985454 0.035678665701 0.000163736384753
29 29334000000 1.73723113928 0.0332313777468 0.000153678115562
29 29450000000 1.78911463742 0.0417349324147 0.000142075805754
29 29555000000 1.81065519153 -0.05308331937 0.00013750214165
29 29657000000 1.85527759499 -0.0279511689177 0.000139838578894
29 29774000000 1.98915831551 0.00188709363558 0.000148357478445
29 29883000000 1.84710062381 -0.0159815680955 0.000153715444429
29 29986000000 1.81316672182 0.0569305698423 0.000160142563938
30 30097000000 2.01958868893 0.0306470475075 0.000161184175051
30 30209000000 1.972477804 -0.0483923589899 0.000155357758203
30 30331000000 2.0782838826 0.0385249205073 0.000147060173279
30 30440000000 2.04684617762 0.00615452686673 0.000139517177188
30 30560000000 2.09581445041 0.0853125516714 0.000137632770247
30 30685000000 2.07954385741 -0.00446942337609 0.000142469759431
30 30806000000 2.1788079464 0.0193607311802 0.000151279488557
30 30919000000 2.22454044533 0.0135697322833 0.000159344359807
31 31026000000 2.18401175671 -0.000641016010478 0.000163328245022
31 31143000000 2.25232457592 0.0491857090941 0.000158616085565
31 31251000000 2.18531057709 -0.143477485069 0.000150211501841
31 31362000000 2.25440625351 0.0298698677997 0.000139727669838
31 31479000000 2.31710494981 0.0065385168593 0.000130801709623
31 31602000000 2.30064585551 0.0271328168136 0.00013137651204
31 31730000000 2.35046401947 0.0320040156135 0.000140275709975
31 31859000000 2.4167704658 0.0228150566018 0.00015380241195
31 31992000000 2.35693342754 -0.0126432729588 0.00015857769907
32 32121000000 2.43539425459 0.00902222047647 0.000156456644957
32 32235000000 2.50490258576 0.00166757835371 0.000148833081079
32 32346000000 2.46574747832 0.0372062553538 0.000141245909292
32 32460000000 2.50658499504 -0.079886246359 0.000134837451121
32 32580000000 2.54563461807 0.0256638980531 0.00013531763303
32 32689000000 2.65412423172 0.0133710824793 0.000141102154778
32 32801000000 2.62567593646 -0.0633791397633 0.000150182440332
32 32917000000 2.65412238694 -0.0358036388167 0.000157176093182
33 33030000000 2.56953155273 0.0167283640108 0.000158155921789
33 33140000000 2.63494918549 0.0152416770994 0.000153247184907
33 33241000000 2.71369928719 -0.0100829285315 0.000144363824968
33 33345000000 2.80913658906 -0.0230305953351 0.000133424301981
33 33461000000 2.79615199964 0.0744875424592 0.000127207854221
33 33585000000 2.79172411227 0.0052980607951 0.000131001507519
33 33689000000 2.80387692295 0.072193402486 0.000139998482805
33 33803000000 2.85230058099 0.00148995862213 0.0001514857803
33 33922000000 2.84615677653 0.0467255682323 0.000159723344971
34 34034000000 2.90071843216 0.0443409921927 0.000160126216971
34 34147000000 2.89733491398 0.0298688897091 0.000153609299949
34 34259000000 2.9268805729 0.0375185788518 0.00014138744174
34 34373000000 3.09795146201 -0.0226769264603 0.000133296576894
34 34487000000 3.04426137944 0.089793404723 0.000130415741976
34 34599000000 3.0734487126 -0.0232552436436 0.000134381592066
34 34707000000 3.07147567088 -0.167588218285 0.000142930838767
34 34813000000 3.03053236362 0.0209326881553 0.000148829575097
34 34915000000 3.13255704742 0.0846518516039 0.000154284982918
35 35041000000 3.24692137123 0.0465802474267 0.000153142304099
35 35156000000 3.18299721902 -0.00366977407046 0.00014604149479
35 35279000000 3.16681215109 -0.0412540721092 0.000137675449745
35 35384000000 3.17413094565 0.0349817877207 0.00013161456493
35 35499000000 3.21848317731 -0.0188722754015 0.000130963797011
35 35602000000 3.25980141741 -0.0396535927102 0.000134844659373
35 35727000000 3.38900290393 -0.0227036977258 0.000145522344727
35 35840000000 3.18402302331 0.0389789698922 0.000157439016679
35 35955000000 3.31586785135 0.0258120889387 0.000161090055235
36 36060000000 3.29382045903 -0.0186277783841 0.000156012839465
36 36167000000 3.40434130722 0.116683637159 0.000147570050089
36 36271000000 3.55135577065 -0.00179763348463 0.000136142517274
36 36378000000 3.45371211319 0.0686677802824 0.000128596860484
36 36486000000 3.48333648458 0.0327133050957 0.000128919602572
36 36605000000 3.50544507112 -0.101267903413 0.000135125264956
36 36711000000 3.61383151155 0.0429649600926 0.000143475569802
36 36819000000 3.54947772173 -0.0195575313676 0.000150304972524
36 36954000000 3.53692363261 0.0130464939213 0.000152262288622
37 37063000000 3.72587851116 -0.0459190115419 0.000147488449209
37 37171000000 3.5882671719 -0.00160995158512 0.000139441082336
37 37281000000 3.63047329374 -0.00261988159049 0.000133607685362
37 37391000000 3.6697726829 0.00569475451276 0.0001282672529
37 37508000000 3.81919461367 -0.0343801815188 0.000129877839201
37 37622000000 3.70872536185 -0.012072806354 0.000137175963991
37 37728000000 3.7764190211 -0.00290035041013 0.000146206038978
37 37834000000 3.86914196847 0.0197114118364 0.000151646048728
37 37945000000 3.7934932895 -7.01269562198e-05 0.000152254609816
38 38055000000 3.81846021541 0.0655430048463 0.000146085729799
38 38170000000 3.87028247292 -0.132755785071 0.00013294152741
38 38278000000 3.86486613729 -0.0954022633411 0.000123608897591
38 38389000000 3.86321278579 -0.0340187907001 0.000119468129004
38 38498000000 4.02842909006 0.0127474156119 0.000121114333251
38 38618000000 3.94699121508 0.0613952986458 0.000130963126341
38 38732000000 4.03483286311 -0.0500693481943 0.000144413819253
38 38848000000 4.04313489501 0.0276127572659 0.000151267309367
38 38963000000 4.06522295246 -0.059123407343 0.000151296641485
39 39072000000 4.16148040768 -0.0502353867022 0.000145422977981
39 39183000000 4.18021704771 -0.0115917884386 0.00013562579329
39 39294000000 4.21438774704 0.00680286235515 0.00012970745106
39 39401000000 4.09760528238 -0.0370868268015 0.00012806543084
39 39512000000 4.17041026731 0.0425299391397 0.000131321889821
39 39623000000 4.27849182897 -0.006440438191 0.000139682077349
39 39739000000 4.29254980172 -0.00106636532511 0.000146992969962
39 39862000000 4.30014107375 -0.0428446270777 0.000151910335062
39 39994000000 4.32373863261 -0.0377426757301 0.000148096843172
40 40110000000 4.31544735278 -0.100499746551 0.000139547392909
40 40222000000 4.39633828308 -0.0776033249684 0.000131271242958
40 40333000000 4.29317442687 0.0359703742234 0.000127094900619
40 40440000000 4.37132370767 -0.0103454483537 0.000128306114191
40 40559000000 4.44713102841 0.00931080869041 0.00013744072724
40 40666000000 4.37655808805 -0.0460710722606 0.000150992563017
40 40778000000 4.49831341051 0.0101985230063 0.000158971070984
40 40886000000 4.54893954872 -0.00949154581193 0.000160264544321
40 40998000000 4.58890389867 0.0104483404886 0.000154372392388
41 41120000000 4.60183831488 -0.0324036907853 0.000142418222704
41 41251000000 4.63151604927 0.038734286125 0.000131113103194
41 41361000000 4.62324571309 -0.0295376540283 0.000127201163878
41 41488000000 4.64737732712 -0.0571539755054 0.000132237083717
41 41601000000 4.7361152896 -0.0955096397173 0.00014108487635
41 41713000000 4.7094171227 -0.0301490883242 0.000146747283723
41 41823000000 4.82331722368 -0.0141316506057 0.000151428772548
41 41940000000 4.77869845084 0.0679412712426 0.000149181214774
42 42055000000 4.78622533302 0.0164769395488 0.000141480223284
42 42170000000 4.84100797991 0.0160421885997 0.000131931203998
42 42283000000 4.94667550865 0.0973190236423 0.000127620699958
42 42387000000 4.86395767232 -0.0132753797026 0.000128577075206
42 42495000000 4.88926418389 0.00288718897947 0.000132752576696
42 42614000000 5.07880122416 0.0660055702738 0.000143889760578
42 42717000000 5.02434600512 -0.0336162364638 0.000148275896486
42 42834000000 5.07461771398 0.000111996082737 0.000152939394944
42 42944000000 5.10733982278 0.0222561432156 0.000146789285282
43 43056000000 5.07378011595 -0.0330158255772 0.000140022431298
43 43162000000 5.04223650109 -0.0749881265028 0.000127641460861
43 43270000000 5.14746373524 -0.0157824213009 0.000120245811485
43 43384000000 5.17956830021 0.0473519188407 0.000122558620772
43 43496000000 5.2253742603 -0.0634883394878 0.000130880928218
43 43600000000 5.26624454295 -0.102397116149 0.00013917753251
43 43717000000 5.23346682465 -0.0162037169674 0.000147276498145
43 43828000000 5.28858088497 0.0647791137424 0.000148290988636
43 43933000000 5.30802583221 0.106696997131 0.000144138651326
44 44052000000 5.35595886391 -0.0126845763462 0.000137075489938
44 44162000000 5.29737485406 0.0517722904822 0.000127821273384
44 44277000000 5.30888179461 -0.0465896264222 0.000124200210323
44 44394000000 5.32723025178 0.0872166014483 0.000126563514282
44 44495000000 5.34118497934 0.0639299337418 0.000134431904937
44 44603000000 5.42429156544 0.10199298755 0.000141957457102
44 44716000000 5.36888230148 0.000790123370411 0.000147756345398
44 44828000000 5.45263141634 -0.0581146326636 0.000148065678871
44 44939000000 5.52762088208 0.0884582404648 0.000143017435598
45 45049000000 5.58049876441 0.0238170483544 0.000131052722333
45 45163000000 5.64070276284 0.0548746709445 0.000120874406458
45 45272000000 5.58964125723 0.0294764952857 0.000116879142959
45 45382000000 5.58416377982 0.0914141573622 0.00012134884176
45 45491000000 5.61593987073 -0.0869916737641 0.000129596885312
45 45594000000 5.6199915683 0.0240210593377 0.000141092899105
45 45715000000 5.70823890085 -0.00338545500756 0.0001497146679
45 45819000000 5.73360863974 -0.0225909768213 0.000148798138869
45 45935000000 5.76373182385 -0.0446003834804 0.000139641567971
46 46039000000 5.83870786167 0.0135820186355 0.000131201053772
46 46150000000 5.7959804413 -0.0259052485236 0.000122516137292
46 46266000000 5.74901705438 -0.068869702197 0.000120189312321
46 46374000000 5.94956363589 0.00486868599182 0.000124618604879
46 46490000000 5.89461939699 0.00195066521889 0.000131004225888
46 46605000000 5.90987378928 0.0180722941565 0.000139121801975
46 46715000000 5.98388925083 -0.0940980246279 0.000144149285515
46 46826000000 6.01814832295 0.0552593710452 0.000142049858739
46 46933000000 5.96205443416 0.0392361605692 0.000137972636454
47 47037000000 6.12797667348 0.101010866699 0.000128177431871
47 47150000000 6.02324222501 -0.0154796657415 0.000122136778135
47 47255000000 6.05824312703 -0.0369771968781 0.000120435904039
47 47363000000 6.05956360587 0.0606240965396 0.000124489121174
47 47475000000 6.13424908053 0.0220335265268 0.000135116098114
47 47588000000 6.09476150664 0.0298564942467 0.000145612625001
47 47701000000 6.16923000451 0.0804711185167 0.000150074472042
47 47816000000 6.23267965904 -0.00697487271679 0.000148960661864
47 47937000000 6.33328657878 -0.00577704763915 0.000139452619785
48 48048000000 6.22243491938 0.0437263495605 0.000126899473506
48 48160000000 6.23912025231 0.0288446930612 0.000117989408907
48 48285000000 6.36273977598 0.105646914402 0.000118192255689
48 48415000000 6.32624308534 -0.0538369864262 0.000127707782848
48 48529000000 6.36046844933 -0.0448018618915 0.000134577171858
48 48640000000 6.42086991425 0.0404599257945 0.000140388683576
48 48752000000 6.37806777645 0.00728480725169 0.000141831374023
48 48884000000 6.47503389084 0.0176628078387 0.000134554176676
48 48995000000 6.51808458635 0.0562628595309 0.000125447949135
49 49107000000 6.50473279524 -0.0174020058835 0.000120502835735
49 49222000000 6.51174375175 0.0218497101533 0.000117869715339
49 49335000000 6.62102583669 -0.00416768353309 0.000122035131149
49 49445000000 6.56259642908 -0.0330283478391 0.00012987876913
49 49551000000 6.60135736942 0.0277529063827 0.00013834458479
49 49658000000 6.63856223775 -0.0732315536956 0.000142039428963
49 49778000000 6.70151463306 -0.0411748164789 0.000139468469599
49 49891000000 6.72409749622 -0.0171222363112 0.00013019224518
50 50002000000 6.67790235887 -0.0393558004035 0.000118645931417
50 50116000000 6.76922229687 -0.0076742391839 0.000109508981287
50 50228000000 6.80775739072 -0.0241806791036 0.000109842032078
50 50336000000 6.76903813474 0.0180521562771 0.000117588141156
50 50440000000 6.80520062109 -0.109776072331 0.000125864511135
50 50551000000 6.83045324011 0.0160078898922 0.000136618312341
50 50663000000 6.97185265662 0.105190444651 0.000142165914053
50 50775000000 6.92295658281 -0.056597902886 0.000138850408825
50 50884000000 7.03099704201 -0.0176637117682 0.00013075435003
50 50992000000 6.97320136207 -0.0364373766478 0.000123312558015
51 51109000000 7.08362076265 -0.00486117878328 0.000118699529783
51 51215000000 6.91530848986 -0.0202401788935 0.000117931461592
51 51331000000 7.00286033504 0.00693501168164 0.000122751368318
51 51435000000 7.06916017635 0.0152696869352 0.000131633050322
51 51548000000 7.11018620248 -0.0276048568939 0.000139859095907
51 51654000000 7.24872487376 0.060119589338 0.000141802071524
51 51762000000 7.1068124316 0.0256984053939 0.000139424759876
51 51875000000 7.14788736476 -0.0247260742809 0.000133161240154
51 51991000000 7.09767958703 -0.00917043208478 0.000123456051448
52 52098000000 7.23550562979 -0.0575219289289 0.000118204192499
52 52215000000 7.34682047128 0.0592839060047 0.000117965514062
52 52319000000 7.35224731331 -0.0399697898483 0.000127044483121
52 52438000000 7.29417296248 0.114540156027 0.000137584037539
52 52548000000 7.35057748455 -1.68099306139e-05 0.000147642354407
52 52658000000 7.37882147093 -0.000250111558016 0.000149636897983
52 52770000000 7.48211350501 0.038008685594 0.000144161483679
52 52882000000 7.42181343424 0.0402014893039 0.000132233102381
52 52992000000 7.50616720993 -0.0109335903738 0.000121642108888
53 53111000000 7.51686668057 -0.0875683354389 0.000116861697375
53 53215000000 7.44865897881 0.0499814681536 0.000118324141002
53 53327000000 7.51334259567 -0.0859352414812 0.000125332927369
53 53439000000 7.60250355175 -0.012550312385 0.000134411405342
53 53544000000 7.60007452425 0.018158383084 0.000140464677344
53 53671000000 7.66181508231 -0.0537822633109 0.000140641964298
53 53778000000 7.66533064696 -0.027029672147 0.000135574960791
53 53883000000 7.63486152184 0.0412062727568 0.00012662522336
53 53991000000 7.65257797291 0.0155367026128 0.00011998135913
54 54110000000 7.67095584623 0.0759453295601 0.000116861594019
54 54219000000 7.73072557256 0.062820167964 0.000120025930526
54 54337000000 7.77690642586 -0.0470405317974 0.000127455968795
54 54442000000 7.8439062645 -0.0886797966251 0.000136213179621
54 54569000000 7.83953261652 -0.0430991268583 0.000142698172505
54 54697000000 7.80829816864 -0.0897850271578 0.000140785127443
54 54807000000 7.89513265372 -0.126631489658 0.000130876070704
54 54921000000 7.9530579766 -0.124340905732 0.000117440764373
55 55051000000 7.90223496264 0.0790291431898 0.000110644893246
55 55163000000 7.97549889597 0.000792264998811 0.000111142790808
55 55272000000 7.99866682822 0.0571927302839 0.000118517884818
55 55384000000 8.01754610951 -0.0534632906757 0.000129607995066
55 55502000000 8.0196360962 -0.00252149195222 0.000136604723738
55 55616000000 8.08931298539 -0.0236661967195 0.00013735333476
55 55732000000 8.1492584822 0.019759448899 0.000132011898619
55 55838000000 8.14916543942 -0.101701618623 0.000123760156136
55 55943000000 8.20919945294 -0.0097084926897 0.000117584089708
56 56051000000 8.22262717379 -0.113719510376 0.0001139194179
56 56166000000 8.23140020126 -0.0584045825132 0.000115768377585
56 56282000000 8.27534872945 0.0963350583127 0.000123294538332
56 56412000000 8.24171830505 -0.0605095629564 0.000131593376486
56 56528000000 8.34325928013 0.0034022363347 0.000137653281926
56 56645000000 8.28797413794 -0.0372800680094 0.000136788529806
56 56763000000 8.39133941334 0.0364969804103 0.00012834958365
56 56888000000 8.40973059995 0.0140794727147 0.000116681164045
56 56998000000 8.30223050047 -0.145116373001 0.000108259445154
57 57114000000 8.42979186153 -0.0395981241191 0.000107583937369
57 57228000000 8.49358224508 0.00858041537514 0.000116163269861
57 57341000000 8.51603756242 0.0317030998823 0.000128720551205
57 57451000000 8.51415369099 0.0519235604545 0.000137692558466
57 57575000000 8.61236555408 0.0789177028649 0.000139587716694
57 57682000000 8.52922830849 -0.0912001867605 0.00013231006762
57 57785000000 8.57038054952 -0.174480132102 0.000125295954364
57 57894000000 8.65609523123 -0.0665787564831 0.00011445598709
58 58005000000 8.7230784993 0.0541441407695 0.000109901613556
58 58109000000 8.70501130334 -0.00161558206342 0.00011094145966
58 58213000000 8.6698752732 -0.0649193174136 0.000115528332597
58 58326000000 8.80576182413 -0.0991215819323 0.000124497429803
58 58438000000 8.72623243025 -0.0251870562029 0.000131580857896
58 58551000000 8.8338786677 0.00661625666857 0.000133909586601
58 58666000000 8.73585492864 -0.0138234782928 0.000129063442584
58 58776000000 8.85137121413 0.0304645984896 0.000121771242259
58 58892000000 8.91125638992 -0.0413823277358 0.000113375707089
59 59003000000 8.88696186947 -0.0541749299523 0.000109794410316
59 59130000000 8.93189031113 0.050160176361 0.000113011922422
59 59237000000 8.93968385852 -0.064141684614 0.000121038884541
59 59351000000 9.03378352969 -0.0410092837137 0.000133614156895
59 59469000000 9.11905333223 -0.0250727250711 0.000140257309947
59 59583000000 9.07830059468 0.0281566475362 0.000138202385822
59 59707000000 8.98265827511 0.0294815889049 0.000128237716256
59 59831000000 9.0673822023 0.0471947438505 0.000114817097192
59 59954000000 9.17325012817 0.00886353352486 0.000107728347553
60 60069000000 9.07738603113 0.00956486993207 0.000108692180156
60 60182000000 9.20151684358 0.0395489620623 0.000116591361144
60 60296000000 9.21203939001 0.0479033049152 0.000124923287062
60 60418000000 9.2827963213 -0.0556933345984 0.000130438038408
60 60534000000 9.30044431664 -0.0497495731286 0.000131554326134
60 60650000000 9.28705834633 0.079397171371 0.000126390943071
60 60763000000 9.35316624876 -0.0553063622244 0.000118234807854
60 60873000000 9.42587731992 0.0864745342249 0.00010978628806
60 60985000000 9.39820456101 -0.0435527332645 0.000107568424336
61 61110000000 9.40065858229 -0.0575689047986 0.000111681181948
61 61223000000 9.4779984915 -0.0672298508173 0.000120282869943
61 61341000000 9.5094146919 0.00918233477768 0.000128542412794
61 61448000000 9.45343017314 0.0586347252337 0.000131464216588
61 61558000000 9.53438107432 0.0453926564407 0.000129234411633
61 61675000000 9.52472907835 -0.00606503154258 0.00012000322107
61 61778000000 9.44831467295 0.0493834607717 0.000108452472389
61 61906000000 9.61331482106 -0.0275833445482 0.000100074240228
62 62018000000 9.62421905575 -0.0569286101181 9.9507546878e-05
62 62133000000 9.59596988298 -0.00357676029582 0.000107197121671
62 62270000000 9.61919292755 0.0144728460191 0.000122695300341
62 62395000000 9.67835019291 -0.0345487564313 0.000130594915236
62 62519000000 9.71128691268 -0.0267040748636 0.0001307874838
62 62637000000 9.68901618508 -0.0343905448577 0.000123563526555
62 62748000000 9.73702672924 -0.0258020487265 0.000115924279521
62 62862000000 9.85365495149 -0.0134852275801 0.00010843937106
62 62989000000 9.80755849862 -0.0153161354954 0.000107445925663
63 63099000000 9.94286484638 -0.00552130346413 0.00011177069095
63 63204000000 9.88455637908 -0.182048525462 0.00011971326505
63 63320000000 9.82889673449 0.0137976299797 0.000128057665931
63 63436000000 9.91478928472 -0.0167685751041 0.000131512545911
63 63552000000 9.92512457448 0.00301909639759 0.000128697281381
63 63654000000 10.0000084786 -0.0341794493253 0.00012142993961
63 63772000000 10.0641184053 -0.0305961296887 0.000112575937938
63 63888000000 9.99923919752 -0.0503685281178 0.000106558189155
63 63992000000 10.0127985489 0.00790531310085 0.000108099344797
64 64093000000 10.0947712234 0.0435047370916 0.000116649431264
64 64215000000 10.144234887 -0.0123211720818 0.000125076454913
64 64332000000 10.1088792037 -0.116234080136 0.000136055153058
64 64448000000 10.1624138275 0.0843584836705 0.000139696413233
64 64554000000 10.2675416859 -0.0872709356348 0.000133948986819
64 64666000000 10.2547650752 0.00954228146999 0.000120976877085
64 64777000000 10.2692282518 -0.0090168666898 0.000110670852575
64 64902000000 10.3010748051 -0.0355295934695 0.00010660147364
65 65004000000 10.2577025715 -0.100675023526 0.000108386192014
65 65121000000 10.4222457321 -0.00982896811014 0.000114963583317
65 65238000000 10.3347049676 0.0548236202987 0.000124733971976
65 65346000000 10.4046790973 0.0135369986738 0.000129853742817
65 65452000000 10.5339657902 -0.00130867006105 0.00013012389925
65 65564000000 10.4870047812 0.0152922861852 0.000124681404965
65 65669000000 10.5455171646 -0.0584380130045 0.000116408226161
65 65782000000 10.4813294056 0.0233004436166 0.000109234326168
65 65887000000 10.6616090229 0.000626797568724 0.000106613607059
66 66015000000 10.5813711777 -0.0293753224836 0.000110790215308
66 66128000000 10.6186936941 0.0568808425326 0.000119392107306
66 66237000000 10.7044705483 -0.0943739519786 0.000125217784482
66 66364000000 10.6952030686 0.0472496360215 0.000132700060732
66 66477000000 10.6928218498 0.038001106412 0.000128686820895
66 66585000000 10.7017982813 -0.00401905562832 0.000121704978722
66 66701000000 10.7965429107 -0.0132722443116 0.000109141057701
66 66803000000 10.7018006765 0.00515334255256 0.000100826714788
66 66907000000 10.7563356762 -0.0343554834054 9.96966493223e-05
67 67025000000 10.8313590669 0.00645775143911 0.000107193602911
67 67127000000 10.8441978854 0.0433396649859 0.000118509354081
67 67245000000 10.8692548803 0.112894500439 0.000123894291567
67 67355000000 10.9469969998 0.00572426856088 0.000127735536796
67 67476000000 10.8668788584 -0.0118808646029 0.000124232662565
67 67586000000 10.9748942742 -0.0254957251623 0.000115867042602
67 67711000000 10.9238616181 0.0634020320669 0.000107935895698
67 67824000000 11.0094299475 0.076272840292 0.000103639346051
67 67944000000 11.0695933402 -0.013196595891 0.000105430372846
68 68057000000 11.0782067189 0.0211197242782 0.000112923124587
68 68160000000 11.0007323664 0.0208051376287 0.000119809826881
68 68281000000 11.0996586544 -0.0915254991619 0.000126537137966
68 68390000000 11.1760166463 -0.0707620879816 0.000127112663566
68 68498000000 11.2378750882 0.0214349294055 0.000122557729385
68 68633000000 11.1265066836 0.0379518685993 0.000107485813443
68 68737000000 11.1548562357 -0.0661001452862 9.9742550188e-05
68 68839000000 11.214282387 -0.0213145860081 9.61808726732e-05
68 68961000000 11.2976299296 0.0147840384041 0.000100610533328
69 69073000000 11.3766501971 -0.0689430118752 0.000111974662233
69 69184000000 11.2799420631 0.0868375209655 0.000123889077897
69 69298000000 11.3273887844 -0.0482292441101 0.000129672060614
69 69835000000 11.4930635895 0.0353889202872 9.95817474988e-05
69 69961000000 11.573912538 -0.00803291368471 0.0140701453222
70 70069000000 11.6209562842 0.0388913873926 0.027397806805
70 70182000000 11.4921899208 0.0476708610452 0.0436995920962
70 70292000000 11.6789615205 0.0286013171307 0.0599955478097
70 70406000000 11.5715570859 -0.00401122130528 0.0777658500635
70 70519000000 11.6919554069 -0.0506496155148 0.0955298477846
70 70633000000 11.7750361095 0.0261806165382 0.113292768131
70 70751000000 11.7766914491 0.0980915336187 0.131060122916
70 70867000000 11.7833695818 0.0839600204951 0.142908764276
70 70978000000 11.7135656717 0.0247508749647 0.160686631284
71 71093000000 11.7994060122 0.0639797757227 0.178467416014
71 71200000000 11.8601031053 0.0212225773777 0.197727955569
71 71323000000 11.8595540056 0.0104477157907 0.215505096252
71 71438000000 11.8949872328 0.105998543958 0.22882972809
71 71945000000 12.0581384197 0.13817640022 0.303999072183
72 72058000000 11.9467719232 0.117623596201 0.312282856085
72 72166000000 12.0739556707 0.187971856872 0.312254633761
72 72276000000 11.9963865358 0.105021135729 0.312255060261
72 72383000000 12.0520770717 0.150245188287 0.312248221273
72 72491000000 12.0814374547 0.187785421514 0.312242930111
72 72621000000 12.182797848 0.106852302289 0.312231333967
72 72728000000 12.2368747237 0.157673025816 0.312228125674
72 72842000000 12.1931012148 0.153633433327 0.312231237667
72 72951000000 12.2918669764 0.117264535195 0.312236383992
73 73059000000 12.3355465365 0.145463294363 0.312244748064
73 73164000000 12.2703029332 0.193634755294 0.312250922933
73 73274000000 12.3074947787 0.2202311902 0.312251752762
73 73384000000 12.3995879917 0.139465233557 0.312247341772
73 73496000000 12.3198992133 0.178374534573 0.312235197717
73 73601000000 12.386105449 0.186676653977 0.312223640521
73 73708000000 12.4214989551 0.248809704085 0.312218945732
73 73813000000 12.4047396512 0.231706510079 0.312221649162
73 73930000000 12.4580937867 0.162908363219 0.312230963363
74 74046000000 12.4887939757 0.192338868424 0.312240912836
74 74151000000 12.5319921337 0.190322233853 0.312248128442
74 74262000000 12.4510733173 0.238846887692 0.312248825106
74 74382000000 12.5133247571 0.2317430484 0.31224298312
74 74484000000 12.4964748801 0.273161126696 0.312232650517
74 74600000000 12.63227305 0.290768613477 0.312224422363
74 74704000000 12.608059712 0.30890724264 0.312222049983
74 74832000000 12.6241385709 0.349347116612 0.312225044854
74 74949000000 12.6907000406 0.362271403005 0.312233184411
75 75056000000 12.6429654913 0.367851659291 0.312241914042
75 75176000000 12.7823553135 0.353629197904 0.312246334109
75 75301000000 12.7298737432 0.335922091707 0.312244813896
75 75416000000 12.7761482832 0.333916251301 0.31223689918
75 75532000000 12.8594513996 0.264515098695 0.312227384394
75 75662000000 12.8271527447 0.317772754025 0.312219644559
75 75778000000 12.8367348499 0.408944953715 0.312221759013
75 75885000000 12.8554436184 0.363130156126 0.312230579451
75 75996000000 12.9346595891 0.431529579042 0.31223921196
76 76111000000 12.9292842345 0.404947133236 0.312249250043
76 76235000000 12.977217216 0.406423275904 0.31225115929
76 76350000000 12.9506285448 0.368093939678 0.312242923028
76 76464000000 12.9932024946 0.450520222604 0.31223036989
76 76578000000 13.0960864403 0.422819643216 0.312221905673
76 76688000000 13.0620625468 0.542403494227 0.312220047998
76 76798000000 13.098791504 0.453364637624 0.312223135629
76 76911000000 13.0804514614 0.5502231347 0.312232701089
77 77011000000 13.060922416 0.473208351792 0.312238660751
77 77130000000 13.1437902587 0.498560710959 0.31224400819
77 77249000000 13.1251690124 0.396700242473 0.31224322244
77 77360000000 13.1832989852 0.439547893295 0.31223617664
77 77465000000 13.2784807406 0.454700510669 0.312229249642
77 77577000000 13.3522801106 0.487136710078 0.312221612363
77 77691000000 13.2640448201 0.494443752816 0.312220616824
77 77807000000 13.2864273651 0.511057555062 0.312225265144
77 77936000000 13.3965219317 0.56575105905 0.312234842338
78 78052000000 13.4473484046 0.501152841014 0.312243395723
78 78179000000 13.3868288633 0.498861278203 0.31224604401
78 78287000000 13.4342503705 0.567786783828 0.312241731607
78 78405000000 13.5444870845 0.584901912726 0.312230096891
78 78520000000 13.4678992766 0.528687659849 0.312217536557
78 78638000000 13.5120606109 0.53400954816 0.312212959775
78 78748000000 13.5450586938 0.620415869793 0.312217043269
78 78869000000 13.5669873897 0.563697558377 0.312227197917
78 78982000000 13.6524745976 0.532268550597 0.312236373386
79 79087000000 13.6416757988 0.562682444313 0.312241280119
79 79204000000 13.7321657737 0.631881342816 0.312239578555
79 79321000000 13.7343975703 0.66966545369 0.312232025763
79 79428000000 13.7720412739 0.589475680513 0.312223620265
79 79536000000 13.6927609601 0.694535037031 0.31221934493
79 79652000000 13.7442935686 0.610375440722 0.312216634602
79 79781000000 13.7686861832 0.623557468458 0.312221987013
79 79896000000 13.7271904711 0.550514923269 0.312230922567
80 80012000000 13.8406726386 0.714479384186 0.312239088097
80 80115000000 13.834831423 0.631270990359 0.312240912543
80 80236000000 13.8715297976 0.692480221097 0.312236394096
80 80352000000 13.8871376075 0.759636536183 0.312226187779
80 80462000000 13.9400110288 0.756932584848 0.312218369071
80 80584000000 13.9481896779 0.690345859739 0.312212014649
80 80716000000 14.0177888824 0.733268055252 0.312216828765
80 80839000000 13.9077171731 0.692554635365 0.312227551134
80 80956000000 14.0639446557 0.721777133223 0.312240248742
81 81066000000 14.0763868726 0.760406618379 0.312244993215
81 81171000000 14.0703341299 0.836531707902 0.312244034717
81 81287000000 14.1336142832 0.806657317544 0.312234215249
81 81392000000 14.1109699727 0.812669395914 0.312227090951
81 81497000000 14.2507599723 0.710454485442 0.312218754314
81 81611000000 14.1966300087 0.789885095435 0.312217252399
81 81718000000 14.2609812026 0.798270941587 0.312222208826
81 81833000000 14.3215781966 0.844517885633 0.31222800231
81 81940000000 14.3245379505 0.786516212366 0.312237381994
82 82041000000 14.2416565815 0.804029389493 0.312241020288
82 82153000000 14.2635320708 0.786346333886 0.312239929909
82 82263000000 14.362175527 0.876299617452 0.312232087131
82 82376000000 14.3021849491 0.852145101693 0.312223734186
82 82504000000 14.5450612341 0.917231939349 0.312217747167
82 82614000000 14.4676962702 0.884657568664 0.31221794452
82 82719000000 14.4677380005 0.932164246951 0.312224490243
82 82821000000 14.5041383479 0.813015582941 0.312231599572
82 82941000000 14.4322375028 0.893120345255 0.312240963489
83 83059000000 14.5818839902 0.943664649813 0.312246738004
83 83189000000 14.4676597227 0.957772132355 0.312240100658
83 83317000000 14.5935942627 0.939156658023 0.312228987487
83 83432000000 14.6349733918 0.966678566074 0.312218309651
83 83543000000 14.5716170098 0.933861490609 0.312213219961
83 83648000000 14.6348851598 0.9337321436 0.312216292578
83 83777000000 14.6378809687 0.895843511461 0.312225485049
83 83881000000 14.6857566086 0.969141108189 0.312235159617
83 83999000000 14.757415509 0.948931110875 0.312239876902
84 84113000000 14.7825474901 1.0800257891 0.312239272182
84 84225000000 14.7890305815 0.972451186065 0.31223311898
84 84351000000 14.8495935013 0.966599478083 0.312221855986
84 84460000000 14.7804406269 1.01865318164 0.312216380373
84 84571000000 14.9128516116 0.976500380293 0.312215902103
84 84680000000 14.9382319712 1.00332197924 0.312221085429
84 84793000000 14.9717968846 1.05020753029 0.312229267012
84 84903000000 14.9966336826 1.03375551042 0.312237700165
85 85006000000 14.9588713855 1.02502712466 0.312240263741
85 85110000000 14.9714765785 1.06702146967 0.31223725231
85 85223000000 14.985036628 1.08868736883 0.312230420226
85 85334000000 15.0671773892 0.977605720458 0.312219562881
85 85456000000 15.0546355445 1.06657132731 0.31220804644
85 85569000000 15.1208715326 1.07033760627 0.312209126597
85 85687000000 15.100485971 1.07939723933 0.312218444983
85 85794000000 15.1404449814 1.04462214665 0.312225869641
85 85901000000 15.076684817 1.05262453346 0.312235386369
86 86008000000 15.177191595 1.07498388407 0.312238138944
86 86125000000 15.1598923945 1.12857537653 0.312233553446
86 86232000000 15.2856183089 1.14218384347 0.312224537344
86 86362000000 15.2414500367 1.23263403904 0.312215778633
86 86484000000 15.3442548363 1.1387002647 0.312211299955
86 86587000000 15.4138429736 1.11142291 0.312213276105
86 86695000000 15.3885950275 1.22114517833 0.312220793302
86 86801000000 15.2959343136 1.23574291258 0.312228427886
86 86911000000 15.3771214533 1.18576557157 0.312234776428
87 87033000000 15.3273558637 1.18980175449 0.312234776113
87 87137000000 15.3372966619 1.14702855132 0.312231092168
87 87260000000 15.4793864845 1.17153661543 0.312219122381
87 87368000000 15.573632739 1.16598378731 0.312212177837
87 87477000000 15.5474298305 1.17750393749 0.312208625738
87 87590000000 15.5571732823 1.25012940518 0.312211860444
87 87694000000 15.5757782773 1.3023176095 0.312221383054
87 87824000000 15.5959193828 1.27661769036 0.312233861494
87 87934000000 15.7398189082 1.18281715057 0.312240377774
88 88048000000 15.6526576433 1.15987793311 0.312237553572
88 88167000000 15.6276901689 1.26095478171 0.312228010388
88 88280000000 15.7512209431 1.24566625315 0.312215617835
88 88388000000 15.7927261094 1.27571490732 0.312210860454
88 88496000000 15.7227476949 1.2776404835 0.312209255065
88 88607000000 15.8464411096 1.35971068924 0.312214242094
88 88723000000 15.8875786079 1.37077967099 0.312223875396
88 88839000000 15.8957235896 1.26213361521 0.312231021207
88 88953000000 15.8818122652 1.29524067544 0.312233540018
89 89060000000 15.8208722045 1.39911482026 0.312230883228
89 89175000000 15.9721474492 1.34318522382 0.312221328786
89 89282000000 15.965270069 1.37911844908 0.312215364731
89 89393000000 16.0328849483 1.36188706454 0.312209697845
89 89501000000 16.0122367422 1.41157298294 0.312210602167
89 89610000000 15.9931763295 1.40167749971 0.312216821439
89 89727000000 16.0408035656 1.43724923294 0.312226133701
89 89841000000 16.0174247197 1.44473836785 0.312233876402
89 89948000000 16.0783299543 1.49372986242 0.31223558534
90 90056000000 16.140506087 1.35688528265 0.31223000003
90 90159000000 16.1636248847 1.39055828385 0.312221328867
90 90271000000 16.1589304358 1.38357295507 0.312209933194
90 90380000000 16.1351031994 1.47095703515 0.312202440307
90 90482000000 16.267941287 1.50235009328 0.312203612602
90 90592000000 16.2552788481 1.46625454205 0.312210851287
90 90699000000 16.2381619765 1.40701868523 0.312217893699
90 90809000000 16.3201544061 1.55575367026 0.312227210786
90 90929000000 16.3129780143 1.60307680914 0.312230351924
91 91034000000 16.4288157125 1.49035822841 0.31222642592
91 91147000000 16.3644019349 1.49302029663 0.312217989528
91 91260000000 16.369975345 1.49658962144 0.312209458635
91 91374000000 16.4452157282 1.51642354058 0.312205668032
91 91481000000 16.4746225824 1.57175628973 0.312207639905
91 91586000000 16.4122089499 1.49581025495 0.312212258247
91 91691000000 16.5396542398 1.66200336911 0.312221355034
91 91796000000 16.6018289694 1.48643011251 0.31222843881
91 91917000000 16.5791174494 1.56720789527 0.312229522327
92 92027000000 16.5756397244 1.50693490231 0.312226130809
92 92141000000 16.5773727151 1.59959667326 0.312215268023
92 92250000000 16.604245019 1.58336793979 0.312205304327
92 92368000000 16.640385 1.60065277333 0.312200526532
92 92487000000 16.6184197063 1.63765590563 0.312204269917
92 92615000000 16.6643860061 1.61255061984 0.312215363382
92 92729000000 16.7801776016 1.6823665987 0.312226663884
92 92860000000 16.6974090094 1.66915970348 0.312234158999
92 92983000000 16.7106005794 1.71660783 0.312231357452
93 93089000000 16.8737518696 1.59832449528 0.312223307915
93 93208000000 16.9542012449 1.6153522378 0.312212861414
93 93334000000 16.8619386055 1.63909097246 0.312206012911
93 93455000000 16.871759415 1.65682821395 0.312208375821
93 93569000000 17.0052123288 1.63055767977 0.312214627807
93 93684000000 16.892241147 1.6592215661 0.312224426535
93 93796000000 17.0093404591 1.75582388023 0.312229763117
93 93903000000 16.9954181242 1.78946002245 0.3122302509
94 94015000000 16.9686312465 1.6128391967 0.31222538556
94 94116000000 17.0103427493 1.72554185484 0.312216511992
94 94216000000 17.1378992433 1.80920024658 0.312211455383
94 94333000000 17.1335243886 1.69522066939 0.31220620601
94 94442000000 17.1224304877 1.58519807548 0.312207667259
94 94551000000 17.2109893946 1.69827383683 0.3122159536
94 94657000000 17.1658258649 1.74050908171 0.312226791421
94 94769000000 17.2229405611 1.77339620522 0.312234653533
94 94882000000 17.1813249597 1.81529177751 0.312235133843
95 95004000000 17.2906550116 1.77858614304 0.3122264479
95 95122000000 17.3807881549 1.76646243802 0.312215950461
95 95233000000 17.3241391062 1.82488306044 0.312204642683
95 95352000000 17.376987885 1.74984875798 0.31220231364
95 95477000000 17.336974747 1.79384366607 0.312208523231
95 95591000000 17.3719892058 1.76638157857 0.312218882686
95 95700000000 17.3907435531 1.87910728357 0.312224680893
95 95817000000 17.3953234363 1.86630514082 0.312229018174
95 95931000000 17.4742601546 1.80604531686 0.312226405773
96 96044000000 17.5135860875 1.91436729969 0.312217691513
96 96157000000 17.5532751077 1.86194816271 0.312208992173
96 96261000000 17.5339404279 1.96947739412 0.312204945238
96 96367000000 17.6242271724 1.90973195542 0.312205071572
96 96484000000 17.5968345774 1.88467301816 0.312210678901
96 96596000000 17.6278531244 1.85932314467 0.312219720214
96 96705000000 17.6186641596 1.96229212236 0.312227085577
96 96827000000 17.6499238191 1.9674132372 0.312228726394
96 96941000000 17.7065450841 1.9421611097 0.312224436068
97 97059000000 17.6899870003 1.90855183771 0.312213981512
97 97168000000 17.6776045372 1.87002297562 0.31220211226
97 97278000000 17.7088087547 1.95149385931 0.312196528126
97 97386000000 17.8198696807 1.95782784336 0.312198566579
97 97500000000 17.8452931998 2.02194304601 0.312208359775
97 97612000000 17.8122099595 2.01249017477 0.312219541014
97 97719000000 17.7884954215 1.94108816967 0.312226429304
97 97838000000 17.7742465526 1.95028950357 0.312226474671
97 97953000000 17.9856197853 1.97774121387 0.312219671433
98 98063000000 17.9087387892 1.98625392551 0.312209155171
98 98176000000 17.9706855289 2.01874148634 0.312203213312
98 98290000000 17.9546170666 1.98374780037 0.312200264846
98 98403000000 17.9372336663 2.06851162871 0.312204243852
98 98512000000 17.9941960962 2.02127977747 0.312211252804
98 98625000000 18.1410952003 2.1079494866 0.312220022622
98 98740000000 18.1792122777 2.05347810437 0.312224552404
98 98855000000 18.0573596345 1.96283239351 0.312222293284
98 98966000000 18.1867162855 2.10001254465 0.312214546084
99 99084000000 18.1425998593 2.14176609202 0.312204050161
99 99199000000 18.2970638003 2.10569990128 0.312199152467
99 99313000000 18.2223679361 2.0372316115 0.3121982066
99 99422000000 18.2790747184 2.16492329691 0.312205038604
99 99544000000 18.2858365875 2.12540289553 0.312216999837
99 99663000000 18.3384439426 2.06084281092 0.31222710631
99 99770000000 18.3305081132 2.13162560984 0.312229386817
100 100336000000 18.5707357506 2.22654895386 0.312200404082
100 100448000000 18.545187715 2.23882671518 0.299790691118
100 100569000000 18.5189705611 2.07120527535 0.282033881854
100 100676000000 18.5018965227 2.16347128604 0.267224916447
100 100787000000 18.5475400141 2.17229988633 0.249450822631
100 100893000000 18.6593574734 2.15568194027 0.234635016906
101 101009000000 18.6719322021 2.23934391348 0.218335741119
101 101125000000 18.6926182844 2.28626629078 0.202037529382
101 101246000000 18.6027634752 2.24669599373 0.182782140796
101 101355000000 18.7000779925 2.25844466159 0.167976060652
101 101469000000 18.7266570705 2.3341297371 0.14872171043
101 101576000000 18.7615994076 2.2354661704 0.133796193931
101 101697000000 18.7547359064 2.27463537853 0.116029676767
102 102186000000 18.8923912547 2.25097974252 0.0449002170736
102 102313000000 18.9528898053 2.35603114525 0.0381535774892
102 102430000000 18.944582808 2.28177548453 0.0381507573105
102 102553000000 19.0219795132 2.2657597797 0.0381667518012
102 102665000000 19.005282269 2.38132588491 0.0381708598603
102 102774000000 19.1030803974 2.22142419499 0.0381681746277
102 102886000000 19.0873587939 2.19548282113 0.0381638969873
102 102993000000 19.0651828119 2.25430412351 0.0381541233916
103 103110000000 19.1926507511 2.26572557807 0.0381478200409
103 103230000000 19.183791952 2.25731057226 0.0381475700273
103 103340000000 19.2613857324 2.29146099596 0.038153481099
103 103446000000 19.1688207295 2.31247474373 0.0381617910474
103 103561000000 19.2623900647 2.29347470061 0.0381692666245
103 103667000000 19.311677406 2.22330500059 0.038171222261
103 103777000000 19.3053389702 2.2444580019 0.038167863076
103 103886000000 19.2812345428 2.20454893651 0.0381598590457
103 103998000000 19.3347841504 2.3315185009 0.0381472765591
104 104110000000 19.4213509809 2.16521992659 0.0381416285962
104 104228000000 19.374964527 2.25016952346 0.038142074937
104 104334000000 19.4412815413 2.25988791455 0.0381511338345
104 104868000000 19.5682233317 2.25397417806 0.0381617203607
104 104989000000 19.5524510416 2.16205354619 0.0256099072872
105 105547000000 19.7784729488 2.33443986354 6.22587710381
105 105651000000 19.74793875 2.26530962269 6.22061815646
105 105762000000 19.8046982339 2.17177715867 6.22060667502
105 105882000000 19.7991065974 2.30735095003 6.22060158242
105 105990000000 19.7275466203 2.28784590304 6.22059639121
106 106099000000 19.8849723745 2.32012898461 6.22059232863
106 106210000000 19.7833931724 2.30835219488 6.22059413218
106 106337000000 19.8563367682 2.26173673204 6.2206032308
106 106446000000 19.8888432738 2.3701936839 6.2206155438
106 106559000000 19.9823490697 2.23425136275 6.22062129765
106 106670000000 20.0230867516 2.1972297873 6.22062222293
106 106773000000 20.0412449356 2.1332984592 6.2206165574
106 106879000000 20.1461521752 2.27793685503 6.22060441499
106 106989000000 20.0533647117 2.3259985025 6.2205934159
107 107094000000 19.9532544394 2.24555873228 6.22058976032
107 107200000000 20.0915007989 2.34882005049 6.22059201162
107 107316000000 20.2707780926 2.28712733394 6.22059956255
107 107423000000 20.1724223996 2.31512857836 6.22060856379
107 107529000000 20.2452439096 2.2028837937 6.22061396304
107 107661000000 20.2735840653 2.20047449609 6.22061329378
107 107771000000 20.2454166332 2.10739179243 6.22060778289
107 107885000000 20.2626237158 2.17677354829 6.22059869328
108 108002000000 20.187786256 2.19286077799 6.22059175699
108 108129000000 20.3849421948 2.17221412826 6.22059140051
108 108244000000 20.4307717303 2.25719719683 6.220597926
108 108364000000 20.4008912525 2.20869221484 6.22060402806
108 108473000000 20.4029094509 2.32759119191 6.22061245331
108 108587000000 20.4060253755 2.27204615549 6.22061466224
108 108702000000 20.4881112086 2.16858430256 6.22061000891
108 108822000000 20.4338463995 2.23828528541 6.22059955743
108 108939000000 20.4678502458 2.20688164623 6.22058751192
109 109045000000 20.622982135 2.18085947232 6.22058134921
109 109152000000 20.5313817136 2.31154012584 6.22058453699
109 109261000000 20.5514358145 2.18218932214 6.22059423174
109 109374000000 20.6869392273 2.23522630489 6.22060272869
109 109484000000 20.5500721903 2.23789137287 6.22061309479
109 109599000000 20.7419367423 2.25400255941 6.22061427033
109 109703000000 20.7184970858 2.22933731258 6.22060865968
110 110173000000 20.8444096324 2.16465015952 6.15624896528
110 110285000000 20.771736745 2.26012138507 6.14292646087
110 110405000000 20.8641686983 2.31633609132 6.12220221982
110 110521000000 20.9174547211 2.09092833353 6.10739520372
110 110994000000 21.0081062408 2.14222649147 6.10063980095
111 111106000000 21.0076727858 2.13884558876 6.10064125405
111 111216000000 20.9999252288 2.17547428619 6.10065182245
111 111321000000 21.1096947715 2.17154754155 6.10066244383
111 111426000000 21.1530494032 2.16279841926 6.10067129656
111 111542000000 21.0601194049 2.15152557302 6.10067293984
111 111656000000 21.1990595079 2.10823171057 6.100668785
111 111774000000 21.2599882122 2.20280841565 6.10065302593
111 111899000000 21.2550354439 2.14825466804 6.10064328746
112 112010000000 21.2916850443 2.11999497944 6.10064083709
112 112118000000 21.1595657132 2.13273605959 6.1006432268
112 112237000000 21.3257743701 2.05844501589 6.10065107954
112 112350000000 21.4323709929 2.05186968894 6.10065995276
112 112463000000 21.5091486202 2.06693809766 6.10066499183
112 112588000000 21.4005245312 2.02350826467 6.10066307448
113 113049000000 21.4999363081 2.10435555584 6.0367857181
113 113153000000 21.5219588235 1.92277244537 6.02358483191
113 113262000000 21.550561285 2.09259507175 6.00745300949
113 113374000000 21.6355781802 2.04022882931 5.99131884634
113 113843000000 21.6497400349 2.03658064344 5.984673775
113 113955000000 21.7382305307 1.93675067522 5.9846701298
114 114070000000 21.841176324 2.00890932014 5.98467276301
114 114183000000 21.7215483018 2.01150886749 5.98468171508
114 114290000000 21.8153545267 1.96057046854 5.98469244402
114 114412000000 21.9019164997 1.94005860786 5.98469896264
114 114517000000 21.8561172414 1.98394077659 5.9846979522
114 114628000000 21.9132593833 1.97432699747 5.98469113309
114 114749000000 21.9040971401 2.0432754803 5.98468197147
114 114856000000 21.8502688674 1.90027183082 5.98467668421
114 114963000000 21.9079185934 1.97759045044 5.98467491702
115 115070000000 21.9265045068 1.99125835027 5.98467925232
115 115187000000 21.8918527828 1.97809322194 5.98468798524
115 115299000000 21.9738307732 1.92498355975 5.98469377318
115 115414000000 22.033595606 1.95078152843 5.98469876979
115 115526000000 22.11751073 1.91940911043 5.98469704456
115 115642000000 22.055010166 1.92814557357 5.98468749691
115 115754000000 22.1869573458 1.87764588768 5.98467801361
115 115855000000 22.1676529964 1.84104337691 5.9846694671
115 115973000000 22.2540108882 1.83782826373 5.98466912182
116 116492000000 22.2795347986 1.85059201129 5.98470068797
116 116601000000 22.3044206244 1.87568490329 5.97514384423
116 116721000000 22.3153700239 1.84397956323 5.95879915246
116 116853000000 22.3154599419 1.78073267573 5.94101407859
116 116966000000 22.3923382823 1.84105161726 5.92176065353
117 117464000000 22.5213302305 1.8313601061 5.84773262225
117 117577000000 22.581189587 1.72095605311 5.84095581197
117 117689000000 22.5281537061 1.67928718212 5.84096074483
117 117802000000 22.5913416121 1.76889473024 5.84095793205
117 117918000000 22.5976278743 1.74203694071 5.84095801884
118 118035000000 22.6112975212 1.77989202019 5.84096291532
118 118151000000 22.6911888758 1.6618262488 5.84097323384
118 118260000000 22.7150545194 1.71699968969 5.84098278963
118 118371000000 22.768173199 1.57367519443 5.84098657304
118 118485000000 22.691319731 1.66439537315 5.84098219519
118 118605000000 22.6657335099 1.67595255139 5.84097186056
118 118720000000 22.8366830784 1.57135222406 5.84095961809
118 118838000000 22.8569430607 1.61997473402 5.84095325441
118 118950000000 22.9060464005 1.55674812207 5.84095524547
119 119062000000 22.9270992813 1.60354159789 5.840963134
119 119181000000 22.8946645653 1.644605004 5.84097224288
119 119298000000 22.8307381778 1.47566577196 5.84097832386
119 119410000000 22.9229008754 1.52183038252 5.84097793004
119 119523000000 22.99275345 1.52820579896 5.84097336992
120 120030000000 23.0355338618 1.41891423545 5.84096296398
120 120135000000 22.9988387846 1.46693834676 5.83445316005
120 120607000000 23.214786204 1.34261177248 5.82613708924
120 120721000000 23.2444547897 1.43388449148 5.82612664138
120 120831000000 23.279309431 1.46110554217 5.8261212924
120 120947000000 23.2942561025 1.32267620152 5.82612614731
121 121063000000 23.3209888222 1.37805207617 5.8261360764
121 121175000000 23.3547672451 1.39059449587 5.82614641875
121 121289000000 23.2788185973 1.36587007609 5.82615106597
121 121392000000 23.3176457413 1.31033294293 5.82615060323
121 121502000000 23.3597659727 1.29182814211 5.82614288901
121 121609000000 23.377082398 1.290027944 5.82613193503
122 122083000000 23.5384509453 1.24887355005 5.82613693003
122 122201000000 23.4560016808 1.2891413845 5.81368510236
122 122317000000 23.5499261869 1.27245631129 5.80046683376
122 122433000000 23.6235888188 1.20475899384 5.78285149553
122 122538000000 23.5724712412 1.18333511554 5.76523145487
122 122638000000 23.6501555888 1.29081529409 5.7490800015
123 123100000000 23.6995199192 1.1182026457 5.68574137253
123 123211000000 23.8012298352 1.02256432458 5.67763636915
123 123328000000 23.8157178321 1.01120996525 5.67762329656
123 123445000000 23.7633322034 1.09868156527 5.67762071961
123 123563000000 23.8326881465 1.11921323958 5.67761023243
123 123677000000 23.9473017856 1.07797328092 5.67760156507
124 124170000000 23.9010056091 0.994256917473 5.67762611324
124 124285000000 24.0043074124 0.930569740881 5.66510576385
124 124390000000 23.9690876959 0.902335872016 5.6488753631
124 124961000000 24.1358740709 0.92791419138 5.56669317999
125 125072000000 24.0873709484 0.928986124382 5.56167708028
125 125188000000 24.1510259585 0.872111354601 5.56165261505
125 125321000000 24.1224028354 0.828207795257 5.56165350578
125 125429000000 24.1326446796 0.760881960428 5.56164471285
125 125547000000 24.2289364405 0.743314259752 5.5616337621
125 125667000000 24.2442654 0.701004094547 5.56162630675
125 125778000000 24.2640583354 0.800438227515 5.56162649166
125 125896000000 24.2971335652 0.693969577311 5.56163423189
126 126013000000 24.2562052321 0.731342875104 5.56164429891
126 126519000000 24.3426458457 0.500560711097 5.56163659727
126 126635000000 24.3639905518 0.593453497665 5.5519164076
126 126748000000 24.4627932833 0.547658193956 5.53276750331
126 126857000000 24.4411493512 0.694659652078 5.5179892715
126 126963000000 24.4281724956 0.572452885057 5.50174037571
127 127079000000 24.4179599905 0.601560823367 5.48257324164
127 127593000000 24.6100532208 0.400203805449 5.4076853498
127 127711000000 24.6334789574 0.429182522439 5.40276556362
127 127831000000 24.6220075861 0.500121408324 5.40273900861
127 127947000000 24.6445852422 0.391474559975 5.40275162619
128 128061000000 24.4946071665 0.34298106296 5.4027661071
128 128176000000 24.6537478873 0.348961368819 5.40277318501
128 128287000000 24.6013528249 0.303889485222 5.40277031946
128 128401000000 24.6032738315 0.272201952422 5.40276104936
128 128517000000 24.7847089199 0.344832996659 5.40274978492
128 128638000000 24.6428616518 0.306557749357 5.40274462063
128 128765000000 24.7802424652 0.185327355314 5.40274760739
128 128875000000 24.7819834827 0.271671075876 5.40275716109
128 128992000000 24.7897823798 0.168804269389 5.40276715735
129 129097000000 24.7355045214 0.200671906912 5.40277135413
129 129219000000 24.8038364122 0.197049940281 5.40277161448
129 129325000000 24.8647769747 0.124158514901 5.40276754313
129 129439000000 24.8668011596 0.129440783115 5.40275831481
129 129545000000 24.8496944322 0.0688992946746 5.40274956698
129 129650000000 24.8154801527 0.157484857541 5.40274564804
129 129767000000 24.919509325 0.0598379740252 5.40274908511
129 129880000000 24.859027514 0.0854933360989 5.40275766224
130 130384000000 24.9664999639 -0.0691944885811 5.40276098851
130 130502000000 25.0106423419 -0.127838744924 5.38996795521
130 130612000000 25.0656744344 -0.0685294798802 5.37675975376
130 130722000000 25.1249186143 -0.185310588461 5.36196001574
130 130836000000 24.9309502554 -0.0972541667364 5.34412455234
130 130941000000 25.0887311915 -0.169746976865 5.32628499715
131 131050000000 25.0511346217 -0.140875271134 5.30994243763
131 131168000000 25.074484885 -0.165460935058 5.29217515549
131 131280000000 25.1051491497 -0.241829712205 5.27438734575
131 131840000000 25.1989168438 -0.362544637885 5.19444981855
131 131955000000 25.1088500701 -0.464182944611 5.18716641631
132 132082000000 25.2067915824 -0.416011122736 5.18702788318
132 132220000000 25.2039003139 -0.469835504974 5.18702212855
132 132329000000 25.1898462488 -0.453199588827 5.18701283336
132 132430000000 25.2245167901 -0.438606346238 5.18700694634
132 132549000000 25.1953399553 -0.54154051774 5.18700145469
133 133017000000 25.2912104665 -0.529581223194 5.12360750626
133 133135000000 25.2649815837 -0.600503054137 5.10581520912
133 133253000000 25.3065437716 -0.628120485377 5.08802973575
133 133370000000 25.2641384295 -0.798595627552 5.07022941362
133 133496000000 25.2179307419 -0.724255180873 5.05244049059
133 133613000000 25.3423336741 -0.797331982054 5.03466467025
134 134156000000 25.3559207417 -0.860479090321 4.95176165607
134 134264000000 25.3585894291 -0.785526464546 4.94682863767
134 134374000000 25.404074341 -0.899538748408 4.95117395947
134 134490000000 25.4130488251 -0.881927603093 4.95003114372
134 134603000000 25.3485518207 -1.02183924541 4.95002675275
134 134717000000 25.3639481953 -0.978697461913 4.95003538675
134 134839000000 25.424643814 -1.07366204701 4.95004512138
134 134954000000 25.3463633342 -1.02288620717 4.95005188299
135 135062000000 25.4123562524 -0.980836371643 4.95005310411
135 135169000000 25.4673698947 -1.040258709 4.9500479743
135 135673000000 25.4552443744 -1.27643497898 4.95003290632
135 135784000000 25.5155103646 -1.22501627581 4.94341627823
135 135892000000 25.3758977617 -1.31127604947 4.92201990237
136 136006000000 25.5414160682 -1.32535121763 4.90484677448
136 136572000000 25.5371834495 -1.39546112693 4.82298857952
136 136681000000 25.5058476312 -1.41441654351 4.81014135098
136 136791000000 25.4466800831 -1.44919344477 4.81198934616
136 136906000000 25.5336829972 -1.48692934436 4.81488812842
137 137019000000 25.4456211321 -1.54573588108 4.81487928868
137 137129000000 25.4884039843 -1.57387198145 4.8148761032
137 137241000000 25.4811538858 -1.64219432332 4.81486350584
137 137353000000 25.5093096893 -1.61675776363 4.81485173587
137 137466000000 25.5367947634 -1.6329442135 4.81484681885
137 137588000000 25.4773768334 -1.71754388675 4.81485079299
137 137691000000 25.5263065531 -1.73835574101 4.81485797185
137 137805000000 25.5965909764 -1.78690649569 4.81487406911
138 138330000000 25.5329786986 -1.79657111281 4.81485693283
138 138435000000 25.4943574916 -1.89184475374 4.80931827181
138 138553000000 25.5998740892 -1.96293960509 4.79028242855
138 138662000000 25.5621533006 -1.88735082619 4.76983215578
138 138777000000 25.6666229871 -1.85669178747 4.75151356322
139 139308000000 25.5307540261 -2.13890379599 4.67204696658
139 139415000000 25.5520784296 -2.06626824283 4.65747781854
139 139532000000 25.4111193204 -2.08355660658 4.65543329737
139 139653000000 25.6307977993 -2.22516944853 4.65585554058
139 139773000000 25.5161865835 -2.17381421408 4.6558686237
139 139886000000 25.4962064558 -2.13928026395 4.6558812038
140 140002000000 25.4492355641 -2.27765960964 4.65588132181
140 140499000000 25.4995989569 -2.35813180353 4.655844426
140 140615000000 25.4963724782 -2.36723505072 4.65255230012
140 140721000000 25.4867150087 -2.35402914772 4.63817805289
140 140854000000 25.5536678952 -2.36644105403 4.62087699209
140 140965000000 25.5538550183 -2.38389975669 4.60364329493
141 141088000000 25.5662765611 -2.46276811178 4.58783732675
141 141198000000 25.5831412123 -2.54583026317 4.57059011159
141 141311000000 25.4921989527 -2.60329915094 4.55189559174
141 141437000000 25.4907955129 -2.67694029538 4.53752376381
142 142005000000 25.4588544883 -2.73279527985 4.45708655736
142 142117000000 25.404989564 -2.6608721313 4.44569069123
142 142246000000 25.4627965603 -2.80551055896 4.44820591459
142 142362000000 25.4189217496 -2.73766349169 4.44819017964
142 142474000000 25.4040077002 -2.83497186532 4.44819185193
142 142584000000 25.449572287 -2.88452954165 4.44820022862
142 142692000000 25.5116092915 -2.97982207526 4.44820921975
142 142805000000 25.4622644094 -2.86482839927 4.44821700661
142 142917000000 25.4488319853 -2.98854331984 4.44821753226
143 143030000000 25.479836916 -2.93394498078 4.44820974881
143 143559000000 25.4434846683 -3.06490167754 4.44819497963
143 143663000000 25.3960438718 -3.10004470682 4.43891990964
144 144140000000 25.2900908936 -3.25136931471 4.36512539564
144 144257000000 25.3351050226 -3.24292006697 4.36096546203
144 144363000000 25.3202144689 -3.25945592414 4.36062381113
144 144478000000 25.3324113762 -3.23410338319 4.36063614185
144 144596000000 25.3357129896 -3.38473172444 4.36064473862
144 144710000000 25.3654496218 -3.2932183929 4.36065335675
144 144821000000 25.311666841 -3.36059050538 4.36065692858
144 144926000000 25.2978041726 -3.36128960291 4.36065501505
145 145036000000 25.2899720855 -3.39229097161 4.36064757142
145 145151000000 25.2419805704 -3.48621063432 4.36063768076
145 145265000000 25.1793422362 -3.47146949129 4.36062832864
145 145376000000 25.2289905363 -3.45792198748 4.3606284249
145 145489000000 25.2533464081 -3.47386641379 4.36063295065
145 145613000000 25.1735821826 -3.5670291018 4.36064924381
145 145729000000 25.2333744864 -3.61552383339 4.36065889146
145 145838000000 25.1805936705 -3.59701752591 4.36066073413
145 145951000000 25.2143131389 -3.6382646132 4.36065569532
146 146067000000 25.2542830452 -3.66052135158 4.36064395307
146 146178000000 25.1060893278 -3.66801178773 4.36063334196
146 146293000000 25.1690833118 -3.62392031724 4.36062976115
146 146405000000 25.1033441018 -3.70406720961 4.36063252912
146 146520000000 25.1489516521 -3.7731351822 4.36064055848
146 146637000000 25.0944061515 -3.74885826146 4.3606487505
146 146765000000 25.1554112133 -3.84026417267 4.36065392118
146 146892000000 25.1114187505 -3.93402642312 4.36065196588
147 147000000000 25.0821477681 -3.87541015808 4.36064427252
147 147116000000 25.0571803124 -3.92116070695 4.36063597255
147 147226000000 25.0718396398 -3.91175336797 4.36063154557
147 147346000000 25.0107910866 -3.96800114125 4.36063030719
147 147454000000 25.1151782363 -4.02104953062 4.36063601908
147 147566000000 25.0530025641 -3.89144105936 4.36064457126
147 147667000000 24.9947256233 -4.03135900219 4.36065512205
147 147780000000 25.0158397774 -4.05743440644 4.36065902602
147 147895000000 25.0578795745 -4.08876879297 4.36065418352
148 148008000000 25.0081558194 -4.07053030043 4.36064256916
148 148120000000 24.9838662706 -4.11197195629 4.36063330049
148 148238000000 25.0932041091 -4.08974110227 4.36062608112
148 148358000000 24.9830202666 -4.16501466495 4.3606269428
148 148463000000 24.9772695179 -4.12691783497 4.3606336026
148 148577000000 24.9522016115 -4.16543996225 4.36064279286
148 148692000000 24.9040890667 -4.18052153695 4.36064945772
148 148812000000 24.996595643 -4.27496422689 4.36064988522
148 148926000000 24.8860196976 -4.26210726451 4.36064312815
149 149052000000 24.9314895194 -4.36406262735 4.36063398178
149 149161000000 24.9282693685 -4.34230071298 4.36062895997
149 149282000000 24.9025391269 -4.29998105705 4.36062658367
149 149391000000 24.9013001823 -4.38975372773 4.36063024526
149 149508000000 24.9109257408 -4.46722000999 4.36063886568
149 149615000000 24.9797476066 -4.50299232373 4.36064720813
149 149733000000 24.8963949494 -4.46681983033 4.36065058911
149 149844000000 24.9031282425 -4.53725515465 4.36064661569
149 149977000000 24.812521347 -4.57707483526 4.36063384264
150 150087000000 24.8911547685 -4.68119418402 4.36062295876
150 150206000000 24.8538419404 -4.60088027223 4.3606172594
150 150315000000 24.8239746528 -4.60956718345 4.36061873434
150 150422000000 24.7483000141 -4.66813586241 4.36062794153
150 150538000000 24.8242779326 -4.68967536097 4.36064062044
150 150661000000 24.7845118946 -4.67175303563 4.36064965602
150 150772000000 24.8376013231 -4.66494426134 4.36064997136
150 150884000000 24.8308003989 -4.78215024613 4.36064425383
151 151000000000 24.7854579938 -4.76059686576 4.36063657772
151 151109000000 24.7826991196 -4.73879718543 4.36062840446
151 151214000000 24.743423892 -4.88714992142 4.36062542617
151 151338000000 24.7461448528 -4.85242497967 4.36062930056
151 151455000000 24.6889528208 -4.90298959375 4.3606378441
151 151570000000 24.7969550955 -4.84720888509 4.36064568865
151 151686000000 24.7469484705 -4.91079766654 4.36064982388
151 151815000000 24.5795673995 -4.90822152373 4.3606459824
151 151934000000 24.6688454555 -5.00695348795 4.3606382301
152 152040000000 24.6828042744 -5.08842252306 4.36063217151
152 152155000000 24.7614269538 -4.93177681612 4.36062545182
152 152262000000 24.634953952 -5.10006686117 4.36062609588
152 152370000000 24.6229553337 -5.04368450688 4.36063509635
152 152497000000 24.6034872023 -5.06159222161 4.36064777896
152 152631000000 24.6183454886 -5.09671578359 4.36065651669
152 152739000000 24.6500738202 -5.23003458628 4.36065791614
152 152862000000 24.619953384 -5.24419728289 4.36065017972
152 152981000000 24.6300172879 -5.17228101791 4.36063659856
153 153091000000 24.5841934769 -5.24183182088 4.36062678912
153 153207000000 24.5726787123 -5.21348059816 4.36062516516
153 153309000000 24.4960718291 -5.25068269042 4.36062986861
153 153427000000 24.5025978043 -5.31962676579 4.36063872053
153 153537000000 24.5649953855 -5.33860521961 4.36064446551
153 153646000000 24.6241432948 -5.35376346105 4.36064925552
153 153746000000 24.5588199836 -5.45318188678 4.36064728077
153 153859000000 24.5309079366 -5.35860978729 4.36064041484
153 153969000000 24.4952487997 -5.42329185877 4.36063203115
154 154077000000 24.5044677017 -5.53586782845 4.36062728111
154 154192000000 24.498134644 -5.58590346039 4.3606251371
154 154306000000 24.4544653369 -5.49493117148 4.36062977963
154 154420000000 24.4547955839 -5.56834938297 4.36063938171
154 154523000000 24.4828423428 -5.53065565362 4.3606461387
154 154639000000 24.5116431027 -5.62172224778 4.36065052791
154 154751000000 24.442460749 -5.61976206589 4.3606465544
154 154858000000 24.4679394575 -5.68898924972 4.36063955978
154 154982000000 24.4531002332 -5.59114681651 4.36062405841
155 155091000000 24.4963659002 -5.66639097448 4.36061845069
155 155204000000 24.3878565686 -5.73089196887 4.36061750728
155 155314000000 24.6071701441 -5.7290299457 4.36062467325
155 155427000000 24.4009612342 -5.75418565766 4.36063717732
155 155541000000 24.412310034 -5.75752021225 4.36064469761
155 155656000000 24.3929724005 -5.82984534217 4.36064622972
155 155765000000 24.3768467571 -5.8221300204 4.36064138699
155 155881000000 24.3979911755 -5.83033986119 4.3606332326
156 156000000000 24.3046103946 -5.88725211482 4.36062563902
156 156116000000 24.3187454744 -6.03522627929 4.36062218339
156 156233000000 24.3700539948 -5.95068056926 4.3606255865
156 156346000000 24.3492832 -6.00099414977 4.36063393296
156 156459000000 24.3369120571 -6.04575565927 4.36063996791
156 156568000000 24.355589691 -6.01892442694 4.36064567433
156 156683000000 24.3559429061 -6.06334754516 4.36064575257
156 156791000000 24.2049429368 -6.05871457769 4.36064014632
156 156898000000 24.2773335597 -6.07821188961 4.36062902892
157 157017000000 24.2504453506 -6.21649589982 4.36061870253
157 157134000000 24.3158524355 -6.13514622326 4.36061666439
157 157242000000 24.2531411595 -6.04727793147 4.36062135792
157 157365000000 24.2190662668 -6.2270097168 4.36063417404
157 157491000000 24.240943274 -6.23721696996 4.36064697521
157 157607000000 24.1996953322 -6.27699804955 4.36065000416
157 157720000000 24.2583179285 -6.26043766039 4.36064423014
157 157833000000 24.2229369005 -6.30262745889 4.36063546853
157 157937000000 24.2653490981 -6.30450541429 4.36062498727
158 158057000000 24.2496157831 -6.39226851042 4.36061957911
158 158172000000 24.2144495549 -6.34494927115 4.36062050231
158 158291000000 24.2144470682 -6.48168530105 4.3606275077
158 158401000000 24.2585447532 -6.43141329463 4.36063732744
158 158516000000 24.1675940326 -6.44885923912 4.36064276887
158 158625000000 24.1107448631 -6.43515612593 4.36064275832
158 158746000000 24.0859019851 -6.44481581845 4.36063729983
158 158873000000 24.1209503463 -6.51641564167 4.36062899215
159 159000000000 24.0372401398 -6.44826519262 4.36061985466
159 159119000000 24.1370298947 -6.58084480231 4.36062010641
159 159224000000 24.0724051587 -6.65150193525 4.3606245728
159 159333000000 24.0129200143 -6.677552909 4.36063281695
159 159448000000 24.1908483159 -6.65894342222 4.36064360682
159 159561000000 24.0670789537 -6.76947664689 4.36064827635
159 159675000000 24.0929917897 -6.69881966511 4.36064350589
159 159787000000 24.0838278626 -6.71276307125 4.36063192215
159 159905000000 23.9929650752 -6.73594186783 4.36062357884
160 160013000000 24.0001740481 -6.76214997473 4.36061504687
160 160124000000 24.1087450476 -6.71011250371 4.36061570072
160 160233000000 24.055464499 -6.8350784908 4.36062276534
160 160340000000 24.0340231636 -6.87537879466 4.3606319571
160 160459000000 23.9413857717 -6.88817904353 4.36063866129
160 160571000000 23.9151497389 -6.86739902297 4.36063977651
160 160694000000 24.0695675864 -6.89280832847 4.36063571857
160 160805000000 24.0368049115 -6.9908449709 4.36062710235
160 160920000000 23.9753558945 -6.9447847905 4.36061876614
161 161029000000 23.9063134894 -6.98485473283 4.36061538207
161 161147000000 23.9242353058 -7.07651613256 4.360618855
161 161258000000 23.9445398203 -7.04130286382 4.36062645619
161 161371000000 23.9609017191 -7.03870459846 4.36063522744
161 161480000000 23.8786792995 -7.13290090924 4.3606395957
161 161597000000 23.9080743221 -6.99124851486 4.3606388956
161 161712000000 23.8473864417 -7.19129573016 4.36063146759
161 161825000000 23.9333017759 -7.23805882312 4.36061785607
161 161936000000 23.9511316346 -7.2258149385 4.36060827567
162 162058000000 23.802126509 -7.29253937298 4.36060686599
162 162168000000 23.8355827246 -7.38639384119 4.36061417268
162 162286000000 23.8677367725 -7.24004478917 4.36062662787
162 162397000000 23.7846268165 -7.29969294442 4.36063723928
162 162972000000 23.7918906003 -7.42518692661 4.3606150604
163 163092000000 23.7491571904 -7.51158037312 4.35023109725
163 163625000000 23.6949978104 -7.63224166098 4.26823001768
163 163740000000 23.7670091073 -7.66227982473 4.26373416888
163 163849000000 23.6930890942 -7.65192768653 4.26339702834
163 163960000000 23.6999790771 -7.67852156685 4.26339944822
164 164066000000 23.676102809 -7.65278711301 4.26340296525
164 164194000000 23.652238989 -7.80630204614 4.26341452629
164 164307000000 23.7049236552 -7.78701644248 4.26342689149
164 164423000000 23.7161737074 -7.7394168508 4.26343263857
164 164534000000 23.6261275314 -7.78825450616 4.26343259136
164 164643000000 23.5838555401 -7.83885314566 4.2634240195
164 164753000000 23.5197942851 -7.92362801253 4.26341237333
164 164873000000 23.4974740842 -7.83942452532 4.26340218685
164 164988000000 23.5452555586 -7.9599136984 4.26340077531
165 165100000000 23.6061340503 -7.92458441164 4.26340593779
165 165223000000 23.5648042861 -7.94477420339 4.26341573261
165 165346000000 23.5599850791 -7.9766140174 4.26342108748
165 165852000000 23.6068116881 -8.03674279512 4.26340154526
165 165961000000 23.5085625048 -8.10076931499 4.25674606013
166 166540000000 23.4303019265 -8.1513137963 4.17004409438
166 166656000000 23.4286084102 -8.21069594557 4.16193213728
166 166785000000 23.4307655252 -8.31532840924 4.16186879961
166 166893000000 23.3281253486 -8.31728817135 4.16186868233
167 167008000000 23.3459586729 -8.36495534366 4.16187328503
167 167124000000 23.3453877325 -8.42312197 4.16188159637
167 167235000000 23.3061568799 -8.30407240349 4.16189160078
167 167350000000 23.3047207656 -8.34456888842 4.1618994621
167 167700000000 23.2882942091 -8.48723199059 4.16188350316
168 168172000000 23.1983837319 -8.58750230225 4.16188995832
168 168294000000 23.2098884713 -8.54651947914 4.161898822
168 168409000000 23.1752177848 -8.54955699144 4.16190038986
168 168529000000 23.2104644781 -8.67596919659 4.16189501354
168 168831000000 23.1317430026 -8.70487990333 4.1618726815
169 169319000000 23.08956654 -8.91248210325 4.16190529096
169 169436000000 23.1096163225 -8.87837173132 4.16190438276
169 169546000000 23.0104125842 -8.8053547295 4.16189589781
169 169658000000 23.0360599544 -8.95371958712 4.16188455241
169 169779000000 22.9762177258 -8.90428354093 4.16187696107
169 169895000000 22.9668670777 -8.85441416705 4.16187603029
170 170006000000 22.9550701353 -8.89371002271 4.16188168615
170 170109000000 22.9969988054 -8.97084882888 4.16188768011
170 170235000000 22.9261778624 -8.95201680824 4.16189566067
170 170350000000 22.9558785558 -8.94880553488 4.16190003736
170 170875000000 22.8554120368 -8.96394443551 4.16187564945
170 170981000000 22.8561771734 -9.16132191198 4.15203863149
171 171450000000 22.7465360183 -9.18932738324 4.14675199582
171 171557000000 22.7941840938 -9.25124041419 4.14674397452
171 171672000000 22.7463697863 -9.23718679013 4.1467317075
171 171789000000 22.7410474331 -9.28247975125 4.14672477897
171 171899000000 22.7259061933 -9.34638509043 4.14672658042
172 172013000000 22.6879282423 -9.32294579547 4.14673469038
172 172130000000 22.751262774 -9.39950242784 4.14674402768
172 172234000000 22.790586754 -9.36889254887 4.14674873295
172 172341000000 22.6838794947 -9.40134397682 4.14675078444
172 172895000000 22.6759954998 -9.53968662737 4.14672911152
173 173431000000 22.4726372943 -9.73203029968 4.07489554628
173 173542000000 22.6155985941 -9.61008151662 4.06833486066
173 173659000000 22.5446716646 -9.74185564377 4.06821821891
173 173770000000 22.4380360905 -9.75937887123 4.06821974867
173 173881000000 22.5121499967 -9.77019254488 4.06822376451
173 173991000000 22.466968143 -9.6433739893 4.06823124589
174 174103000000 22.4320177862 -9.73266027071 4.06824327953
174 174221000000 22.4313126831 -9.82753819608 4.0682531508
174 174342000000 22.2732131385 -9.78558349981 4.0682541473
174 174454000000 22.3130684412 -9.80776327619 4.06824587304
174 174570000000 22.3338889711 -9.87228280105 4.06823700475
174 174685000000 22.3283863856 -9.89543858086 4.06822979412
174 174793000000 22.3662807696 -9.88102702275 4.06822920189
174 174909000000 22.3307203693 -9.92687001512 4.06823462273
175 175443000000 22.2510636441 -9.92772825211 4.06824591599
175 175560000000 22.2883023086 -10.1112604641 4.05840542925
175 175677000000 22.1443044121 -10.039034673 4.04047182561
175 175787000000 22.2362156147 -10.1266977528 4.02253756084
175 175903000000 22.0853121152 -10.1356483141 4.00491479621
176 176012000000 22.2094537983 -10.1053306182 3.99171454496
176 176120000000 22.0837420625 -10.1152314018 3.97704584911
176 176236000000 22.126964699 -10.0402897645 3.95943724835
176 176349000000 22.0442888588 -10.2386681762 3.94165959552
176 176462000000 22.1782399544 -10.2729087433 3.92385345235
176 176574000000 22.0811620443 -10.1830168437 3.90439328113
177 177099000000 21.9774924173 -10.3441910647 3.82818712374
177 177232000000 21.9609501777 -10.2796327369 3.82283729168
177 177347000000 21.9712031844 -10.3278363786 3.82281665017
177 177461000000 21.9495239176 -10.2919164041 3.82280763808
177 177577000000 21.8764892344 -10.3063174945 3.82279859267
178 178131000000 21.7573263177 -10.482693824 3.82282154783
178 178255000000 21.6740293972 -10.4700800774 3.81479885822
178 178371000000 21.7094093801 -10.4448296956 3.79255042347
178 178477000000 21.6494912628 -10.5076316632 3.78068932639
178 178982000000 21.6230276195 -10.6303322728 3.70175014955
179 179094000000 21.5847914678 -10.7368011783 3.69640915349
179 179210000000 21.4552908458 -10.5963412158 3.69640175649
179 179328000000 21.4606179275 -10.6890920595 3.69639864236
179 179449000000 21.5128838757 -10.6166939276 3.69638872956
179 179561000000 21.5268747283 -10.7223691614 3.69638150752
179 179668000000 21.5445969298 -10.7050199642 3.69637957369
179 179790000000 21.5355985429 -10.61279575 3.69638250062
179 179900000000 21.440914984 -10.7349658717 3.6963918216
180 180022000000 21.4330639188 -10.7754213039 3.69640194536
180 180134000000 21.394256777 -10.7128508526 3.69640712159
180 180247000000 21.3688655529 -10.7155420655 3.6964044046
180 180360000000 21.3725658873 -10.677606021 3.69639528717
180 180468000000 21.3095322539 -10.7400241203 3.6963856255
180 180588000000 21.1688935339 -10.8320014545 3.69637973828
180 180696000000 21.1664470718 -10.7877621692 3.69637928493
180 180813000000 21.2685189015 -10.8254881186 3.69638527036
180 180942000000 21.2222650106 -10.8027957821 3.69639570068
181 181054000000 21.1837721858 -10.8507414732 3.69640443685
181 181160000000 21.1856516297 -10.8764283289 3.69640606601
181 181277000000 21.2012834143 -10.8993144528 3.69640088454
181 181416000000 21.16833829 -10.9073831246 3.69638674881
181 181528000000 21.1751991233 -10.9104402857 3.69638057744
181 181641000000 21.0271528214 -10.9630713853 3.6963769452
181 181755000000 21.0391420698 -10.9588682391 3.69638156336
181 181861000000 20.9690467859 -10.9645935953 3.69638950608
181 181975000000 20.9745667298 -11.0080103714 3.69639794985
182 182087000000 20.861299643 -10.9983272125 3.69640147649
182 182197000000 20.9728328731 -11.0142487821 3.69640067235
182 182300000000 20.8834594159 -11.0413853825 3.69639361022
182 182410000000 20.8963165812 -11.0101311046 3.69638295118
182 182525000000 20.8721679805 -11.0043442742 3.69637484693
182 182655000000 20.9547662363 -11.0375806235 3.6963738175
182 182758000000 20.7329168091 -11.0390295594 3.69637819638
182 182878000000 20.9125905995 -11.0850897624 3.69638826064
182 182995000000 20.7434708144 -11.0049598421 3.6963978426
183 183114000000 20.784316241 -11.0567842977 3.6964015529
183 183233000000 20.7226003928 -11.1410223315 3.69639729982
183 183344000000 20.7313483079 -11.2137713302 3.69638602659
183 183471000000 20.7928662575 -11.2402511204 3.69637357959
183 183594000000 20.6185351866 -11.1562976067 3.69637026818
183 183714000000 20.6535976851 -11.2059399053 3.69637591473
183 183817000000 20.5899060338 -11.1640947467 3.69638272081
183 183924000000 20.5992042252 -11.2269331666 3.69639332912
184 184042000000 20.5443337872 -11.2456135198 3.69639870182
184 184164000000 20.5784174529 -11.226295628 3.69639739122
184 184272000000 20.5851482627 -11.3078865852 3.69639049136
184 184386000000 20.5107424285 -11.314821882 3.69638124755
184 184496000000 20.5264185341 -11.3359594996 3.69637456466
184 184613000000 20.5296394869 -11.2428812193 3.69637358531
184 184715000000 20.4973909202 -11.3587203964 3.6963782303
184 184823000000 20.4748190078 -11.3314753292 3.69638826817
184 184949000000 20.342767359 -11.3409590039 3.69639824741
185 185065000000 20.2989391923 -11.4463699992 3.69640090955
185 185177000000 20.3151813782 -11.4178611362 3.6963981801
185 185286000000 20.3897645835 -11.333028248 3.69638996806
185 185401000000 20.3285887432 -11.4616203895 3.69637947124
185 185509000000 20.3048632883 -11.4675417808 3.69637310946
185 185619000000 20.2655402733 -11.3909793157 3.6963740317
185 185729000000 20.2084748774 -11.4021590404 3.69638089665
185 185835000000 20.1481727639 -11.4339934064 3.69638705498
185 185957000000 20.1745434664 -11.4746152667 3.69639588142
186 186064000000 20.2144524143 -11.3586519667 3.69639879385
186 186182000000 20.1313735123 -11.5044309649 3.69639414245
186 186291000000 20.0718881547 -11.5098282938 3.6963830116
186 186399000000 20.1282532456 -11.617607955 3.69637387849
186 186513000000 20.0847330938 -11.5511681416 3.69636966746
186 186623000000 20.0876800647 -11.5389925516 3.69637054833
186 186724000000 20.0663532375 -11.4829156 3.69637837084
186 186845000000 19.8779806388 -11.6407757983 3.69638752731
186 186959000000 20.114846419 -11.5891606435 3.69639325518
187 187073000000 19.961001069 -11.6480125343 3.69639332605
187 187209000000 19.9161691004 -11.6037983862 3.69638606868
187 187329000000 19.9891230573 -11.5519983262 3.69637460774
187 187453000000 19.8537728467 -11.6688823315 3.69636787528
187 187561000000 19.9284251094 -11.7734828816 3.69636650793
187 187688000000 19.8588248222 -11.6842279206 3.69637483886
187 187805000000 19.7924669818 -11.7607153298 3.69638463556
187 187917000000 19.7473669896 -11.7749940671 3.69639271001
188 188029000000 19.7704135623 -11.7347370345 3.69639423672
188 188138000000 19.7608200397 -11.7596558484 3.69639003123
188 188254000000 19.7416166553 -11.7370011229 3.69638027473
188 188365000000 19.6845850397 -11.6917060167 3.69636985814
188 188475000000 19.7570189361 -11.8099778192 3.6963647509
188 188596000000 19.6562489219 -11.7428267524 3.69636724776
188 188719000000 19.6762573596 -11.8910484697 3.69637637013
188 188825000000 19.5980099628 -11.7826637802 3.69638711502
188 188946000000 19.592425453 -11.7854248687 3.69639242351
189 189074000000 19.5761437718 -11.8898413431 3.69639186781
189 189213000000 19.4942663769 -11.8475679058 3.69638144663
189 189319000000 19.5150445628 -11.8794845952 3.69637465257
189 189429000000 19.5478429738 -11.9557226584 3.69636799863
189 189542000000 19.5380287138 -12.0067203757 3.69636839006
189 189655000000 19.4409668983 -11.9207324958 3.69637541458
189 189767000000 19.3953959877 -11.8414284075 3.69638686525
189 189879000000 19.2914404587 -11.9632597114 3.6963937631
189 189990000000 19.4068521047 -11.9998437065 3.69639566641
190 190103000000 19.4110388463 -12.0167968944 3.69639185773
190 190214000000 19.2487733 -12.0656419717 3.69638390596
190 190324000000 19.3200508909 -11.9206624444 3.69637283867
190 190457000000 19.2911652789 -12.0437034774 3.69636651899
190 190568000000 19.264213195 -11.9721170688 3.69637008234
190 190693000000 19.1484442065 -12.1538739645 3.69637933425
190 190804000000 19.1610804777 -12.0402922632 3.69638980836
190 190917000000 19.2368844537 -11.996157159 3.69639501873
191 191031000000 19.1351000587 -12.0591304168 3.6963934161
191 191146000000 19.189414147 -12.08841486 3.69638575822
191 191258000000 19.1152143235 -12.0926826743 3.69637567853
191 191370000000 19.0813907321 -12.101582332 3.69636809037
191 191842000000 19.0857686314 -12.1617100619 3.69639006727
191 191948000000 18.9496557592 -12.2716871105 3.68545313316
192 192059000000 18.9509334534 -12.2937834203 3.67220663606
192 192173000000 18.9693686573 -12.2429515038 3.65458273275
192 192276000000 18.9131601582 -12.2905198605 3.6369609018
192 192775000000 18.7696589499 -12.2542518417 3.5650730845
192 192886000000 18.7391713347 -12.3219308642 3.55983130736
192 192994000000 18.8166340447 -12.3029249165 3.55987094981
193 193115000000 18.7870994815 -12.265897514 3.5598645352
193 193230000000 18.6913038578 -12.2973287717 3.55985545531
193 193341000000 18.6501981116 -12.2833189932 3.55985056933
193 193459000000 18.5920891274 -12.3014884781 3.55984929108
193 193567000000 18.5398211097 -12.4944851822 3.55985582796
193 193676000000 18.5956794867 -12.371438495 3.55986574962
193 193799000000 18.6037360751 -12.4201596118 3.55987243746
193 193903000000 18.5522727744 -12.3908546726 3.5598743473
194 194026000000 18.5287757156 -12.3950862996 3.55987047991
194 194151000000 18.4893963216 -12.4533540599 3.55985809799
194 194255000000 18.4632044834 -12.5315911247 3.55985016021
194 194359000000 18.464689841 -12.4600417181 3.55984636345
194 194475000000 18.4501317705 -12.5109966816 3.55984825911
194 194585000000 18.3666754066 -12.542267469 3.55985774446
194 194699000000 18.3444635573 -12.4701044652 3.55986733552
194 194817000000 18.4014141591 -12.4718350257 3.55987380443
194 194931000000 18.3368851258 -12.5600255376 3.55987392319
195 195041000000 18.3273727529 -12.5303679638 3.55986694641
195 195163000000 18.2898238648 -12.4542032693 3.55985820191
195 195267000000 18.3244844275 -12.5237105196 3.55985105271
195 195378000000 18.3250210957 -12.6192356779 3.5598483308
195 195489000000 18.1731103185 -12.561832963 3.55985275708
195 195861000000 18.0652825081 -12.5847406134 3.55987731966
