#segundos nanosegundos Rango theta Radio
21 21866000000 -0.161491364241 -4.99711084366
21 21866000000 -0.163726106286 4.98985290527
22 22318000000 -0.245756015182 -5.00084924698
22 22318000000 -0.248939856887 5.01047277451
22 22445000000 -0.278852760792 4.9671831131
22 22548000000 -0.295086234808 5.00037288666
22 22659000000 -0.322791278362 5.01044178009
22 22772000000 -0.345576763153 -4.9929690361
22 22898000000 -0.383356511593 5.00250148773
23 23022000000 -0.415980428457 -4.9922246933
23 23122000000 -0.425139009953 4.99278497696
23 23224000000 -0.469776630402 5.00115966797
23 23346000000 -0.490156441927 5.00524902344
23 23461000000 -0.523210644722 5.01628684998
23 23589000000 -0.548330187798 5.00281000137
23 23699000000 -0.573323667049 4.99178886414
23 23800000000 -0.601462543011 5.02230596542
23 23901000000 -0.620444655418 4.99662017822
24 24025000000 -0.653133928776 -4.99697637558
24 24133000000 -0.672813653946 4.97505283356
24 24241000000 -0.706860661507 -5.00761365891
24 24359000000 -0.733268082142 -4.99969911575
24 24467000000 -0.767332732677 5.02411222458
24 24570000000 -0.775804400444 5.02233171463
24 24677000000 -0.811233699322 -5.00142097473
24 24778000000 -0.845112919807 -5.00196313858
24 24778000000 -0.834675729275 4.99043178558
24 24892000000 -0.854682385921 5.00017023087
25 25003000000 -0.888305187225 4.98837184906
25 25115000000 -0.908743739128 5.00429868698
25 25240000000 -0.940514624119 5.00411701202
25 25362000000 -0.977203309536 -4.98793363571
25 25362000000 -0.966414034367 4.99209165573
25 25472000000 -0.996759712696 4.98550128937
25 25583000000 -1.02756869793 -5.02833747864
25 25583000000 -1.02088844776 4.99170875549
25 25703000000 -1.04873692989 -4.98650741577
25 25703000000 -1.04786074162 4.99152755737
25 25820000000 -1.08658313751 5.02812576294
25 25930000000 -1.10626804829 -5.00410318375
25 25930000000 -1.10773015022 5.00294542313
26 26046000000 -1.1437997818 5.0126080513
26 26167000000 -1.15482532978 -4.98091411591
26 26167000000 -1.1650301218 5.00476074219
26 26273000000 -1.18143093586 4.98794984818
26 26381000000 -1.22162497044 4.98116207123
26 26496000000 -1.24369096756 -5.00949764252
26 26496000000 -1.24084627628 5.00049495697
26 26605000000 -1.2675538063 -4.99433946609
26 26726000000 -1.29478681087 -4.97490406036
26 26726000000 -1.29208934307 4.99714136124
26 26841000000 -1.3293119669 5.00488138199
26 26944000000 -1.35660171509 5.00099802017
27 27048000000 -1.36756086349 5.00769281387
27 27152000000 -1.40849602222 -5.02679538727
27 27152000000 -1.38821268082 4.96780395508
27 27256000000 -1.43166172504 -5.01506853104
27 27256000000 -1.42449367046 4.98282909393
27 27365000000 -1.44927453995 -5.00270175934
27 27365000000 -1.44506299496 5.00214147568
27 27468000000 -1.47716355324 5.00330924988
27 27584000000 -1.50640368462 4.99536752701
27 27691000000 -1.52418708801 -4.98776006699
27 27691000000 -1.52488744259 4.98691797256
27 27798000000 -1.56479084492 -5.00669956207
27 27914000000 -1.57297849655 -4.99200487137
27 27914000000 -1.58373308182 4.99740791321
28 28021000000 -1.62684631348 5.00672769547
28 28131000000 -1.62657415867 -4.99207448959
28 28131000000 -1.62832117081 5.00743436813
28 28239000000 8.33199214935 4.99830436707
28 28239000000 -1.66900312901 4.99140024185
28 28346000000 -1.67749583721 -4.98097991943
28 28346000000 8.310795784 4.98233175278
28 28346000000 -1.68363237381 5.00509977341
28 28460000000 8.28587436676 -5.00477647781
28 28460000000 8.25483512878 4.98612833023
28 28460000000 -1.71660768986 4.98750638962
28 28573000000 -1.73374772072 -4.9842581749
28 28573000000 -1.72598612309 4.98155927658
28 28679000000 -1.75833022594 5.00286531448
28 28787000000 -1.78830015659 -4.98885965347
28 28787000000 -1.78893244267 4.99067544937
28 28897000000 8.16316604614 -4.99776887894
28 28897000000 8.1878862381 5.00394678116
28 28897000000 -1.80687046051 4.99972105026
29 29012000000 -1.84882771969 -5.0155377388
29 29012000000 8.15125274658 -4.99945497513
29 29012000000 8.14132213593 4.99698591232
29 29012000000 -1.84534776211 5.00143480301
29 29126000000 8.13497638702 -4.99314022064
29 29126000000 8.14153575897 4.99977731705
29 29126000000 -1.86985874176 5.00130558014
29 29232000000 -1.90668797493 5.00103569031
29 29334000000 -1.92107105255 4.9916639328
29 29450000000 -1.94437170029 -4.97928524017
29 29450000000 -1.93934082985 4.98090362549
29 29555000000 8.00736141205 4.99342918396
29 29555000000 -1.95723152161 4.99133348465
29 29657000000 -2.00307893753 -4.99964141846
29 29657000000 7.96753644943 -4.98755931854
29 29657000000 8.01433372498 4.98898220062
29 29657000000 -1.99544632435 4.99893903732
29 29775000000 -2.03871250153 -5.00806951523
29 29775000000 7.96572399139 4.99066114426
29 29775000000 -2.02947688103 5.03304576874
29 29883000000 -2.0471906662 -4.98687696457
29 29883000000 -2.05924701691 5.00623703003
29 29986000000 -2.07611489296 -4.97864675522
29 29986000000 -2.08338737488 5.00852489471
30 30097000000 -2.10749340057 -4.99947023392
30 30097000000 7.88046741486 4.98731231689
30 30097000000 -2.09141397476 4.96045923233
30 30209000000 -2.14057707787 -5.00646162033
30 30209000000 7.86779117584 4.9997587204
30 30209000000 -2.13621068001 5.0059876442
30 30331000000 7.82570171356 -4.99441051483
30 30331000000 7.822681427 4.98111820221
30 30331000000 -2.15741086006 4.9785490036
30 30440000000 -2.18803358078 -4.99038314819
30 30440000000 -2.18441462517 5.00627946854
30 30560000000 -2.21388888359 4.98494338989
30 30685000000 -2.24988603592 -5.00611639023
30 30685000000 -2.24366641045 4.991355896
30 30806000000 7.73994827271 5.01055669785
30 30806000000 -2.28169083595 5.01533699036
30 30919000000 -2.30229306221 -4.99878406525
30 30919000000 7.70166254044 -5.00519943237
30 30919000000 7.69137763977 5.00175237656
30 30919000000 -2.30319070816 4.99344205856
31 31026000000 -2.33570790291 4.99872303009
31 31143000000 -2.35286879539 -5.00079774857
31 31143000000 -2.35035276413 4.991106987
31 31251000000 -2.37628746033 -4.99925756454
31 31362000000 -2.40871834755 -4.99756717682
31 31362000000 7.60852050781 -5.00706291199
31 31363000000 -2.40343236923 4.99743080139
31 31479000000 7.55916976929 4.9861998558
31 31479000000 -2.4408121109 5.01101541519
31 31602000000 -2.47243285179 -4.98581695557
31 31602000000 -2.46780896187 4.99478006363
31 31730000000 -2.4976952076 -5.00384759903
31 31859000000 -2.51843309402 -4.98659467697
31 31859000000 7.46133852005 -4.99774694443
31 31859000000 -2.5161960125 4.99292135239
31 31992000000 -2.55463552475 -4.98590898514
31 31992000000 7.43121814728 4.99048089981
32 32121000000 -2.57898640633 -4.98189926147
32 32121000000 7.41030836105 4.99899291992
32 32121000000 -2.58445501328 4.98467588425
32 32235000000 -2.63359689713 5.00305128098
32 32346000000 -2.64240407944 -4.98648118973
32 32346000000 -2.65418338776 5.00413656235
32 32460000000 7.33423471451 -5.00548648834
32 32460000000 7.30808591843 4.9810500145
32 32460000000 -2.67385530472 4.9964427948
32 32580000000 -2.69659352303 -4.99186515808
32 32580000000 7.28086185455 -4.99166107178
32 32580000000 -2.69780063629 5.00304174423
32 32689000000 -2.73253798485 5.01982736588
32 32801000000 -2.7646446228 -5.02448892593
32 32801000000 -2.7494494915 4.99061441422
32 32917000000 7.20630979538 -4.99235486984
32 32917000000 -2.77392601967 4.97993421555
33 33030000000 -2.8022081852 -4.98446130753
33 33030000000 7.19736051559 -4.99625682831
33 33030000000 7.19033193588 4.98989105225
33 33030000000 -2.80177855492 4.99535894394
33 33140000000 7.166036129 4.99012374878
33 33140000000 -2.84757518768 5.006731987
33 33241000000 -2.87534213066 -5.01694440842
33 33241000000 -2.856112957 4.98951148987
33 33345000000 -2.88512635231 -4.99485254288
33 33345000000 -2.87196969986 4.9840054512
33 33461000000 -2.90449547768 -4.99860811234
33 33585000000 -2.93921971321 -4.99238824844
33 33585000000 7.0459280014 -5.00071811676
33 33585000000 7.11458730698 5.04564619064
33 33585000000 -2.93692445755 4.98292255402
33 33689000000 -2.9778585434 -5.01120281219
33 33689000000 7.0464015007 5.00884437561
33 33803000000 -2.99184012413 -4.98642539978
33 33803000000 -3.00026488304 5.00010728836
33 33922000000 -3.01196813583 4.98756361008
34 34034000000 -3.04563570023 -4.98317289352
34 34034000000 6.95484638214 -5.00678300858
34 34034000000 6.96041250229 4.99743318558
34 34034000000 -3.05075860023 4.998234272
34 34147000000 -3.0958442688 -5.00535583496
34 34147000000 6.92408323288 -5.00671720505
34 34147000000 6.88648414612 4.97363042831
34 34259000000 -3.11052179337 -4.99425411224
34 34259000000 -3.10818052292 4.99283361435
34 34373000000 -3.13125944138 4.98380994797
34 34487000000 6.84213495255 -5.00285387039
34 34487000000 -3.1622812748 5.01065206528
34 34599000000 -3.17360448837 -4.98678874969
34 34599000000 6.81537437439 -4.99490833282
34 34599000000 6.7895321846 4.97995233536
34 34599000000 -3.18134832382 5.00121164322
34 34707000000 6.76081895828 4.98878192902
34 34707000000 -3.21423816681 5.00264978409
34 34813000000 -3.23089647293 -4.97852516174
34 34813000000 -3.23874950409 4.98828649521
34 34915000000 -3.25161623955 -5.00283384323
34 34915000000 -3.26465964317 5.0050945282
35 35041000000 6.68448066711 -4.98920249939
35 35041000000 6.68554019928 4.97944355011
35 35041000000 -3.2826385498 4.99288797379
35 35156000000 -3.30280852318 -4.98319339752
35 35156000000 6.70258998871 -5.00982952118
35 35156000000 6.67748212814 4.98272705078
35 35156000000 -3.30385971069 4.99190950394
35 35279000000 -3.34801030159 -4.99644899368
35 35384000000 -3.37080049515 -5.00447511673
35 35384000000 -3.37009143829 5.00283670425
35 35499000000 6.59723711014 5.00520896912
35 35499000000 -3.39604210854 4.98536634445
35 35602000000 -3.42510843277 -4.99493503571
35 35602000000 6.56673240662 -4.99689674377
35 35602000000 6.64541435242 5.03692913055
35 35602000000 -3.42769432068 5.00095510483
35 35727000000 -3.4606924057 -4.99935388565
35 35727000000 -3.47319769859 5.02731084824
35 35840000000 -3.48731255531 -4.99503898621
35 35955000000 -3.51099538803 -4.99306201935
35 35955000000 6.49056816101 -5.01098155975
35 35955000000 -3.52325034142 5.0084900856
36 36060000000 6.51260519028 -5.02804231644
36 36060000000 6.44029998779 4.98491334915
36 36060000000 -3.52766942978 4.99017524719
36 36167000000 -3.55974197388 -4.99039936066
36 36168000000 -3.57725954056 5.0069360733
36 36271000000 -3.57596445084 -4.99617433548
36 36271000000 -3.56359529495 4.9806599617
36 36378000000 -3.61394929886 -5.00245380402
36 36486000000 -3.6356575489 -5.003657341
36 36486000000 6.34859323502 4.99133968353
36 36486000000 -3.63063883781 4.99117422104
36 36605000000 6.36123561859 -5.00243425369
36 36605000000 6.3085398674 4.97590398788
36 36605000000 -3.66651821136 4.99252748489
36 36711000000 -3.70300507545 -4.99464702606
36 36711000000 -3.70282721519 5.00169038773
36 36819000000 -3.72185540199 -4.98862886429
36 36819000000 6.25590801239 -4.98344659805
36 36819000000 -3.71804523468 4.98535346985
36 36954000000 -3.74985146523 -4.99739265442
36 36954000000 6.23221540451 4.99516296387
37 37063000000 -3.77899050713 -4.99148368835
37 37063000000 -3.78082537651 4.99398422241
37 37171000000 -3.81479883194 -5.00799512863
37 37281000000 6.15067815781 -4.98150348663
37 37281000000 -3.8307390213 4.98988819122
37 37391000000 -3.85980319977 -5.00796127319
37 37391000000 6.15160560608 -5.00019216537
37 37391000000 -3.84373188019 4.98675918579
37 37508000000 -3.88740825653 4.99485826492
37 37622000000 -3.92526888847 5.01287889481
37 37728000000 -3.95155382156 -4.99727153778
37 37728000000 6.03251171112 -4.98314428329
37 37728000000 6.07344198227 5.00297832489
37 37728000000 -3.93031048775 4.98714494705
37 37834000000 6.03441047668 -4.9998049736
37 37834000000 -3.96270918846 5.00745820999
37 37945000000 -3.98694252968 -4.9881234169
37 37945000000 -3.99064803123 4.99839401245
38 38055000000 -4.03286790848 -5.00645256042
38 38055000000 -4.0312371254 5.01285839081
38 38170000000 5.9412779808 -4.99273872375
38 38170000000 5.93448781967 4.9802031517
38 38170000000 -4.04554033279 5.00314950943
38 38278000000 -4.0714468956 -4.99761867523
38 38278000000 5.92206096649 -5.00692462921
38 38278000000 -4.08714056015 5.00799465179
38 38389000000 -4.08560419083 -4.98874998093
38 38389000000 -4.1178894043 5.01855564117
38 38498000000 -4.11287927628 4.996301651
38 38618000000 -4.13295221329 -4.98282051086
38 38618000000 5.83160686493 -4.97812986374
38 38618000000 5.84466838837 4.99734449387
38 38618000000 -4.13896179199 4.98727560043
38 38732000000 5.84158945084 5.02301502228
38 38732000000 -4.17889022827 5.00406169891
38 38848000000 -4.19601535797 -4.99723720551
38 38964000000 -4.22581720352 -5.00040197372
38 38964000000 -4.22948026657 4.99475669861
39 39072000000 5.75002241135 -5.00737810135
39 39072000000 5.76105213165 5.00976991653
39 39072000000 -4.26853132248 5.00790548325
39 39183000000 -4.3031167984 -5.0092291832
39 39183000000 -4.29555892944 5.00721597672
39 39294000000 -4.31170892715 -5.00959348679
39 39294000000 -4.32069444656 5.01031017303
39 39401000000 5.66968202591 -5.01511669159
39 39401000000 5.65101766586 5.00268650055
39 39401000000 -4.3370141983 5.00726652145
39 39512000000 -4.36198472977 -4.99594926834
39 39512000000 5.61981058121 -4.98225593567
39 39512000000 5.63134145737 5.00083875656
39 39624000000 -4.41837358475 -5.02280044556
39 39624000000 -4.41253757477 5.01897621155
39 39739000000 5.58338403702 -5.01601219177
39 39739000000 -4.41774845123 4.99876832962
39 39862000000 5.55172872543 -5.00582313538
39 39862000000 5.54447984695 4.98884439468
39 39862000000 -4.45268678665 4.99965763092
39 39994000000 -4.47573280334 -4.98174905777
39 39994000000 -4.47317266464 4.98938083649
40 40110000000 -4.50062513351 -4.9843378067
40 40222000000 -4.5586566925 -5.02477502823
40 40222000000 5.45031118393 -4.9891667366
40 40222000000 5.47083520889 4.99898910522
40 40222000000 -4.54240560532 5.00522518158
40 40333000000 -4.5721039772 -4.9939198494
40 40333000000 -4.58557653427 5.01113033295
40 40440000000 -4.60143280029 -5.02072286606
40 40559000000 -4.60294008255 -4.9768743515
40 40559000000 5.39036846161 5.0038485527
40 40559000000 -4.60861635208 4.9938955307
40 40666000000 -4.64062023163 -5.00079727173
40 40666000000 5.34808111191 -4.9884314537
40 40666000000 5.35247135162 5.00041341782
40 40666000000 -4.67070293427 5.02920341492
40 40778000000 -4.68407964706 -5.01019763947
40 40886000000 -4.69282627106 -4.98305034637
40 40886000000 5.28263235092 4.97939538956
40 40888000000 -4.71637630463 5.01994466782
40 40998000000 -4.7294754982 -4.99725198746
40 40998000000 5.27272558212 -5.00535535812
40 40998000000 5.29542446136 5.00913238525
40 40998000000 -4.72044277191 4.98088550568
41 41120000000 -4.76409959793 4.99851989746
41 41251000000 5.21028089523 -5.00350141525
41 41251000000 -4.77829647064 4.98608589172
41 41361000000 -4.81605195999 -5.01753664017
41 41361000000 5.18367195129 4.986577034
41 41361000000 -4.79798650742 4.99148607254
41 41488000000 -4.85262966156 5.00273370743
41 41601000000 5.11004829407 -4.98880052567
41 41601000000 5.12454891205 4.9885134697
41 41601000000 -4.83639192581 4.96839189529
41 41713000000 -4.90451383591 -4.99530506134
41 41713000000 5.09283256531 4.98353862762
41 41713000000 -4.88422203064 4.98660850525
41 41823000000 -4.9224152565 4.99487543106
41 41940000000 5.04449033737 -5.00328207016
41 41940000000 5.05056238174 4.997838974
41 41940000000 -4.95162916183 5.00399875641
42 42055000000 -4.96427726746 -4.98948812485
42 42055000000 5.04521512985 -5.02058029175
42 42055000000 -4.99436664581 5.02106571198
42 42170000000 -5.01134634018 -4.99750185013
42 42170000000 -5.00082063675 4.99198007584
42 42283000000 4.9676027298 -4.9988451004
42 42283000000 4.96415948868 4.99288654327
42 42283000000 -5.03298950195 4.99799966812
42 42387000000 -5.06200504303 -5.00453090668
42 42387000000 4.92296886444 4.98546457291
42 42387000000 -5.0461192131 4.98215246201
42 42495000000 4.91106033325 4.99055337906
42 42614000000 -5.12314271927 -5.01902008057
42 42614000000 4.87075710297 -4.99266624451
42 42614000000 4.87454175949 4.99305152893
42 42717000000 4.84645318985 -4.97992134094
42 42717000000 4.85979747772 4.99195289612
42 42717000000 -5.16000556946 5.02125310898
42 42834000000 4.82739925385 4.99234056473
42 42944000000 4.81826972961 4.99988222122
43 43056000000 4.77336120605 -5.00844812393
43 43056000000 4.77023220062 4.99382400513
43 43056000000 -5.2317609787 4.99327516556
43 43162000000 4.7608795166 5.0119972229
43 43162000000 -5.2547545433 5.00039339066
43 43270000000 4.74366664886 5.0068192482
43 43384000000 -5.29762792587 -5.00721645355
43 43384000000 4.70745754242 -5.00817584991
43 43384000000 4.69439840317 4.98625802994
43 43384000000 -5.29665088654 5.00847530365
43 43496000000 4.67314815521 -5.00145816803
43 43600000000 4.645362854 4.99381256104
43 43717000000 -5.38706874847 -5.02388143539
43 43717000000 4.61780834198 -4.9935503006
43 43717000000 4.64275979996 5.00852870941
43 43717000000 -5.3759059906 5.01173782349
43 43828000000 4.59046602249 -5.00362491608
43 43828000000 -5.40596818924 4.9939661026
43 43933000000 4.56605577469 4.99722671509
44 44052000000 -5.45603895187 -4.99164056778
44 44052000000 4.53543663025 -5.00228261948
44 44052000000 4.53854990005 4.99137639999
44 44052000000 -5.44414281845 4.99896812439
44 44162000000 -5.49941730499 -5.01450061798
44 44162000000 4.52505016327 -5.012155056
44 44162000000 4.52883958817 5.00502300262
44 44162000000 -5.48690414429 5.00671625137
44 44277000000 4.49551200867 5.00669670105
44 44394000000 -5.52203416824 -4.98612785339
44 44394000000 4.46170282364 -4.99669408798
44 44394000000 4.47123622894 4.99930477142
44 44496000000 -5.56250143051 -5.00652074814
44 44496000000 4.45296049118 -5.00674247742
44 44496000000 4.44949913025 5.01063156128
44 44496000000 -5.56627988815 5.02360486984
44 44603000000 -5.5724196434 -4.99154853821
44 44603000000 4.41592216492 5.00066566467
44 44603000000 -5.5795006752 4.98814535141
44 44716000000 4.3991394043 -5.02483797073
44 44716000000 4.37048625946 4.98551130295
44 44716000000 -5.63853311539 5.01853990555
44 44828000000 4.3464512825 -4.99095964432
44 44828000000 4.36241483688 4.99560070038
44 44939000000 -5.6813659668 -5.00779914856
44 44939000000 4.33289480209 -5.00459051132
44 44939000000 -5.67320966721 5.01010274887
45 45049000000 -5.68102312088 -4.99209880829
45 45049000000 4.35198926926 -5.03423070908
45 45049000000 4.31100225449 4.99466228485
45 45049000000 -5.6680316925 4.98551654816
45 45163000000 4.28995370865 -5.00990104675
45 45163000000 4.27717781067 4.993663311
45 45272000000 4.2701458931 5.00961875916
45 45382000000 -5.75693750381 -4.98606109619
45 45382000000 4.21631288528 -4.99092388153
45 45382000000 4.21981477737 4.99862909317
45 45382000000 -5.74418020248 4.96883153915
45 45491000000 4.19669103622 -5.0052485466
45 45491000000 4.21516752243 5.00972700119
45 45594000000 4.16644620895 -4.99185323715
45 45594000000 -5.79170751572 4.96538734436
45 45715000000 4.15823078156 -5.00542640686
45 45715000000 4.15757799149 5.00718927383
45 45715000000 -5.84136247635 5.00108289719
45 45819000000 -5.9005522728 -5.0268330574
45 45819000000 4.13728904724 -5.01102590561
45 45819000000 4.12490606308 4.99029874802
45 45819000000 -5.87788295746 5.00303459167
45 45935000000 -5.89944791794 -4.98908805847
45 45935000000 4.1046705246 4.99511146545
45 45935000000 -5.91431379318 4.99566221237
46 46039000000 4.06866407394 -5.00053405762
46 46039000000 4.05973815918 4.98762798309
46 46150000000 4.05155706406 -5.01036119461
46 46150000000 4.04487895966 4.997631073
46 46150000000 -5.94142913818 4.98507165909
46 46266000000 -5.9784784317 -4.99240255356
46 46266000000 4.02670621872 5.00022268295
46 46266000000 -5.96602249146 4.98184919357
46 46374000000 3.98867917061 -4.99636030197
46 46374000000 3.99288058281 4.9985871315
46 46490000000 -6.03184604645 -4.99269390106
46 46490000000 3.98287630081 5.01318025589
46 46605000000 3.91186881065 -4.98051786423
46 46605000000 3.92696619034 4.99550676346
46 46605000000 -6.04749345779 5.00044870377
46 46715000000 -6.099858284 -4.99968385696
46 46715000000 3.8954076767 -4.98926401138
46 46715000000 3.89473962784 4.98667621613
46 46715000000 -6.08104324341 4.97032308578
46 46826000000 -6.13406133652 -5.01124286652
46 46826000000 3.87495017052 -4.99329376221
46 46826000000 -6.12359905243 4.99910783768
46 46933000000 3.86843252182 -5.00469017029
46 46933000000 3.84186410904 4.98771381378
46 46933000000 -6.13121652603 4.98233938217
47 47037000000 -6.18383169174 -5.01872062683
47 47037000000 3.82065248489 -5.00009155273
47 47037000000 3.82174611092 5.00107479095
47 47150000000 3.80239915848 5.00287055969
47 47255000000 3.76405239105 -4.99264526367
47 47255000000 3.76110339165 4.98907136917
47 47363000000 -6.23848676682 -4.97602844238
47 47363000000 3.7405731678 4.9947385788
47 47363000000 -6.23731040955 4.9819393158
47 47475000000 3.71974754333 -5.00151538849
47 47475000000 -6.2754611969 4.99928855896
47 47588000000 3.69579458237 -4.99592113495
47 47588000000 3.70497846603 5.01673078537
47 47588000000 -6.29553365707 4.99892568588
47 47701000000 3.65980219841 -4.9961643219
47 47816000000 -6.38081359863 -5.01132106781
47 47816000000 3.63780498505 -5.00003051758
47 47816000000 3.63156700134 4.98988628387
47 47816000000 -6.36543321609 4.990711689
47 47937000000 3.60697388649 -4.99836015701
47 47937000000 3.60402321815 4.98922777176
47 47937000000 -6.38612318039 4.99582242966
48 48048000000 3.59003162384 -5.00560617447
48 48048000000 -6.38259029388 4.98058795929
48 48160000000 -6.42358446121 -4.98176670074
48 48160000000 3.56056118011 -4.99611186981
48 48160000000 3.55807304382 4.99442577362
48 48160000000 -6.46208238602 5.01656293869
48 48285000000 3.52867817879 5.00985050201
48 48415000000 3.48788070679 -5.00321722031
48 48415000000 3.50306010246 4.99727106094
48 48415000000 -6.49768638611 4.99435567856
48 48529000000 3.46456408501 4.99286699295
48 48640000000 -6.56880617142 -5.01219558716
48 48640000000 3.43259191513 -4.98910140991
48 48640000000 3.43964886665 4.99175643921
48 48640000000 -6.54274463654 4.98837471008
48 48752000000 -6.60406684875 -5.02479887009
48 48752000000 3.41351389885 -4.99493312836
48 48752000000 3.44780135155 5.02749013901
48 48752000000 -6.63127040863 5.04819059372
48 48884000000 -6.57858419418 -4.96449661255
48 48884000000 3.37621092796 4.99291038513
48 48884000000 -6.59915685654 4.99452495575
48 48995000000 3.35034155846 -4.99770736694
48 48995000000 3.35541963577 5.00178861618
49 49107000000 3.3387901783 5.00332641602
49 49222000000 -6.69017648697 -4.99770641327
49 49222000000 3.30354475975 -4.98967933655
49 49222000000 3.31251692772 4.99706602097
49 49222000000 -6.67499256134 4.99252271652
49 49335000000 -6.71983337402 -4.99746751785
49 49335000000 3.27369570732 -4.9878616333
49 49335000000 -6.76939487457 5.04089355469
49 49445000000 -6.71973705292 -4.97659015656
49 49445000000 3.27209973335 -5.02680253983
49 49445000000 -6.75595569611 5.01371383667
49 49551000000 3.22614812851 -5.00816488266
49 49551000000 3.22584915161 5.00510787964
49 49658000000 3.20735239983 5.00338888168
49 49658000000 -6.79154777527 4.98956823349
49 49778000000 3.15497922897 -4.98254776001
49 49778000000 3.14508676529 4.98031377792
49 49891000000 -6.8433265686 -4.97793865204
49 49891000000 3.13283061981 5.00474834442
49 49891000000 -6.88824224472 5.00940513611
50 50002000000 3.11361479759 -5.0114440918
50 50002000000 3.0966629982 4.98576402664
50 50116000000 3.10010766983 -5.00607824326
50 50116000000 3.08434510231 4.99066495895
50 50228000000 3.05161571503 -4.99287366867
50 50228000000 3.05517435074 4.99130153656
50 50336000000 3.03821754456 -5.00787591934
50 50336000000 3.03469872475 5.00384044647
50 50440000000 3.01524758339 -4.99384260178
50 50440000000 -6.99152088165 4.99662876129
50 50551000000 2.97676753998 -4.9873752594
50 50551000000 2.97778129578 4.98032236099
50 50663000000 -7.03957414627 -5.00134992599
50 50663000000 2.96178197861 5.01307868958
50 50775000000 2.94440197945 -5.01275730133
50 50775000000 2.93442368507 4.98978185654
50 50884000000 2.90900468826 -5.00846338272
50 50884000000 2.89502739906 4.98837041855
50 50992000000 2.88189458847 5.0028719902
51 51109000000 2.85474729538 -5.01510953903
51 51109000000 2.83901381493 4.98965358734
51 51109000000 -7.1613702774 4.99521827698
51 51215000000 2.81894898415 4.99261522293
51 51331000000 2.79863715172 -5.00759983063
51 51331000000 2.79382681847 5.00358104706
51 51435000000 2.76199364662 4.99821805954
51 51548000000 2.72253966331 -4.98375272751
51 51548000000 2.73669290543 4.98917341232
51 51654000000 2.71275496483 4.99807739258
51 51762000000 2.70835661888 -5.01439332962
51 51762000000 2.69465923309 4.99667692184
51 51875000000 2.66621899605 -4.99382019043
51 51875000000 2.66306018829 4.99783658981
51 51991000000 2.6628074646 -5.03018140793
51 51991000000 2.6359500885 4.99128818512
52 52098000000 2.605656147 -4.99156618118
52 52098000000 2.60708522797 4.99110841751
52 52215000000 2.59428238869 -5.00331354141
52 52215000000 2.58886957169 5.02219438553
52 52319000000 2.55132818222 -4.9803609848
52 52319000000 2.56213021278 5.00693225861
52 52438000000 2.53375244141 -4.99476480484
52 52548000000 2.50054955482 -4.99655294418
52 52548000000 2.50328564644 4.98807907104
52 52658000000 2.45205974579 -4.97517633438
52 52658000000 2.46934342384 4.99482345581
52 52770000000 2.45552992821 -5.01303720474
52 52770000000 2.45798754692 4.99747133255
52 52882000000 2.41829586029 4.99952983856
52 52992000000 2.40133309364 -4.9998960495
52 52992000000 2.4118077755 5.01676225662
53 53111000000 2.37175154686 -5.00472068787
53 53215000000 2.33616566658 -4.98866176605
53 53215000000 2.35833024979 5.01662731171
53 53327000000 2.31735730171 4.98553133011
53 53439000000 2.29653120041 -5.00769853592
53 53439000000 2.28937911987 5.00211811066
53 53544000000 2.24787402153 4.98787117004
53 53671000000 2.23060083389 -5.00313234329
53 53671000000 2.23121190071 4.99503946304
53 53778000000 2.2040104866 4.98694849014
53 53883000000 2.1829791069 -4.99992275238
53 53883000000 2.18293333054 4.99183750153
53 53991000000 2.14989519119 -5.00141906738
54 54110000000 2.12383961678 -4.98972988129
54 54110000000 2.12569260597 4.9894361496
54 54219000000 2.10234379768 -4.99194574356
54 54337000000 2.08253192902 -4.99729204178
54 54337000000 2.07389998436 4.9894285202
54 54442000000 2.05627655983 5.00683116913
54 54569000000 2.01773476601 -4.98665428162
54 54569000000 2.01392054558 4.97740602493
54 54697000000 1.98811614513 -4.99858188629
54 54807000000 1.96730673313 -4.99956035614
54 54807000000 1.95588672161 4.98112440109
54 54921000000 1.93904542923 -5.01371669769
54 54921000000 1.93041718006 4.99708938599
55 55051000000 1.90366351604 4.99859428406
55 55163000000 1.8808671236 -5.00603246689
55 55163000000 1.87887489796 5.0054936409
55 55272000000 1.84602308273 4.98561191559
55 55384000000 1.82918775082 -4.99735498428
55 55384000000 1.83159482479 5.01083278656
55 55502000000 1.79550671577 -5.00127077103
55 55616000000 1.76978969574 -5.01516675949
55 55616000000 1.79134809971 5.0227766037
55 55732000000 1.73478448391 4.98860168457
55 55838000000 1.69913589954 -4.97116279602
55 55838000000 1.71223402023 5.00202655792
55 55943000000 1.68979609013 4.9978055954
56 56051000000 1.66330289841 -4.9978313446
56 56051000000 1.66072654724 4.98670148849
56 56166000000 1.64956915379 -5.01647949219
56 56282000000 1.61895823479 -5.0046172142
56 56282000000 1.61185586452 5.00099945068
56 56412000000 1.57576704025 -4.99761724472
56 56412000000 1.57548677921 4.99070310593
56 56528000000 1.55010569096 -5.00202560425
56 56645000000 1.52826881409 -4.99578094482
56 56645000000 1.52246844769 4.98883771896
56 56763000000 1.48983073235 4.9994893074
56 56888000000 1.47495162487 -5.01585245132
56 56888000000 1.46962821484 4.99221467972
56 56998000000 1.432254076 -4.9969830513
56 56998000000 1.43560481071 5.00408315659
57 57114000000 1.40466165543 -4.99409389496
57 57228000000 1.38650870323 -5.02432489395
57 57228000000 1.3818795681 4.99064064026
57 57341000000 1.35355424881 4.9842171669
57 57451000000 1.33936953545 -5.02560377121
57 57451000000 1.32698786259 4.96784973145
57 57575000000 1.28938317299 -4.98450660706
57 57575000000 1.29115271568 4.99224758148
57 57682000000 1.27915489674 -5.00342750549
57 57682000000 1.27556729317 4.99539709091
57 57785000000 1.24411582947 -5.00219583511
57 57785000000 1.23932433128 4.98780250549
57 57894000000 1.21163845062 -5.01821947098
58 58005000000 1.1978290081 -4.99511766434
58 58005000000 1.2063794136 5.00952100754
58 58109000000 1.16584658623 -5.01218795776
58 58213000000 1.14527022839 -5.00086975098
58 58213000000 1.15458118916 4.99802875519
58 58326000000 1.11303985119 4.9838347435
58 58438000000 1.09187948704 -5.0187497139
58 58438000000 1.09125113487 4.9959321022
58 58551000000 1.06945312023 -4.99700212479
58 58666000000 1.02802920341 4.98070716858
58 58776000000 1.00465905666 -4.9929432869
58 58776000000 1.01148664951 4.98553323746
58 58892000000 0.983462929726 -5.01835393906
59 59003000000 0.955772459507 4.98358488083
59 59130000000 0.927113056183 -4.99695062637
59 59237000000 0.90064895153 4.9779419899
59 59351000000 0.88940346241 -5.02865076065
59 59351000000 0.876606404781 4.97664403915
59 59469000000 0.84391361475 5.0148358345
59 59583000000 0.808773875237 5.00147867203
59 59707000000 0.791079342365 4.98059082031
59 59831000000 0.751312553883 4.98448562622
59 59954000000 0.71810567379 -5.01238155365
60 60070000000 0.703685343266 -5.00151109695
60 60182000000 0.669628620148 -4.98998212814
60 60296000000 0.643467664719 5.0009393692
60 60418000000 0.606723666191 -5.00775766373
60 60418000000 0.603512763977 4.98531675339
60 60534000000 0.592759013176 5.012114048
60 60650000000 0.568001866341 5.04263019562
60 60763000000 0.528753042221 -4.99075603485
60 60873000000 0.499694943428 4.9945306778
60 60985000000 0.482916533947 -4.99322080612
61 61110000000 0.46161878109 5.00831985474
61 61223000000 0.428832918406 5.03262281418
61 61341000000 0.395202159882 -4.9871544838
61 61448000000 0.360740810633 5.00316905975
61 61558000000 0.339494168758 4.98564767838
61 61675000000 0.313336133957 -4.99820804596
61 61778000000 0.294173628092 4.9920539856
61 61906000000 0.259777873755 -5.02132129669
62 62018000000 0.229339405894 -5.00238084793
62 62133000000 0.202092960477 5.00468444824
62 62270000000 0.164028465748 4.99324655533
62 62395000000 0.151330709457 5.0060968399
62 62519000000 0.119737640023 5.00537395477
62 62637000000 0.0856603160501 4.99203777313
62 62748000000 0.0587357543409 4.98766994476
62 62862000000 0.0321550294757 -5.00665140152
62 62989000000 0.000214788786252 4.9778842926
63 63099000000 -0.0255617015064 -5.02215623856
63 63204000000 -0.059457808733 -4.99467945099
63 63320000000 -0.0730742141604 -4.98085737228
63 63436000000 -0.10186021775 4.9871263504
63 63552000000 -0.13585986197 5.00161886215
63 63654000000 -0.161498278379 4.99434614182
63 63772000000 -0.18392470479 4.99894571304
63 63888000000 -0.226790562272 5.0070567131
63 63992000000 -0.2475399822 5.02406024933
64 64093000000 -0.261879265308 4.99683761597
64 64215000000 -0.289521455765 -5.00889587402
64 64332000000 -0.309390187263 5.02820158005
64 64448000000 -0.344269424677 4.99338960648
64 64554000000 -0.374096244574 -4.99350118637
64 64666000000 -0.401311635971 -4.99580812454
64 64666000000 -0.401585787535 5.00248718262
64 64777000000 -0.422194749117 4.98101139069
64 64902000000 -0.458586543798 4.99891328812
65 65004000000 -0.472312450409 4.98001384735
65 65121000000 -0.505666196346 4.99110507965
65 65238000000 -0.547324299812 5.0117020607
65 65346000000 -0.56163585186 4.99710464478
65 65452000000 -0.592375993729 5.00371789932
65 65564000000 -0.613507270813 5.00431489944
65 65669000000 -0.642510175705 5.0043554306
65 65782000000 -0.669907331467 4.9984459877
65 65887000000 -0.690417528152 5.00252246857
66 66015000000 -0.727528870106 4.9805393219
66 66128000000 -0.757947087288 -4.99214363098
66 66128000000 -0.753035008907 5.00100898743
66 66237000000 -0.778372824192 -4.99374580383
66 66364000000 -0.82637232542 5.04028511047
66 66477000000 -0.836676001549 -5.00066137314
66 66585000000 -0.862467646599 4.9952750206
66 66701000000 -0.898682057858 4.98448944092
66 66803000000 -0.905431389809 4.98677778244
66 66907000000 -0.947946429253 5.00268411636
67 67025000000 -0.972766697407 4.98966693878
67 67245000000 -1.02504825592 5.00087356567
67 67355000000 -1.04354667664 5.00458717346
67 67476000000 -1.07998728752 4.99304819107
67 67586000000 -1.10163009167 -4.98861646652
67 67586000000 -1.09803044796 4.98588752747
67 67711000000 -1.12815213203 -5.00676822662
67 67824000000 -1.15107870102 -4.99872255325
67 67824000000 -1.15167844296 4.97864675522
67 67944000000 -1.18114745617 4.98960256577
68 68057000000 -1.22244846821 4.98913192749
68 68160000000 -1.23892295361 5.00147485733
68 68281000000 -1.26093196869 4.97699308395
68 68390000000 -1.29870605469 -4.99619722366
68 68390000000 -1.29363024235 5.00926446915
68 68502000000 -1.31511831284 4.98749732971
68 68633000000 -1.35085368156 4.98028326035
68 68737000000 -1.3736590147 -4.98087310791
68 68737000000 -1.37316226959 4.98496770859
68 68839000000 -1.41311538219 5.00191068649
68 68961000000 -1.43154263496 -5.00173807144
68 68961000000 -1.43530273438 5.0035238266
69 69073000000 -1.46089398861 4.98843669891
69 69184000000 -1.48506522179 -4.99488210678
69 69184000000 -1.49133884907 4.99458885193
69 69298000000 -1.50409173965 4.96709775925
69 69835000000 -1.64333403111 -5.01166677475
69 69835000000 -1.64367568493 5.00487518311
69 69961000000 -1.72147703171 -4.98247814178
69 69961000000 -1.61888599396 4.99063873291
70 70069000000 8.16397476196 -5.21001768112
70 70069000000 8.46756458282 4.79680347443
70 70069000000 -1.58623123169 5.05042886734
70 70182000000 -1.90227866173 -4.92422533035
70 70182000000 8.43096828461 4.65844869614
70 70182000000 -1.53739619255 5.04532003403
70 70292000000 -2.01439714432 -4.93836164474
70 70292000000 8.50279808044 4.54882764816
70 70292000000 -1.48030817509 5.06735610962
70 70406000000 7.86407470703 -5.59454870224
70 70406000000 -1.42102658749 5.10570764542
70 70519000000 -2.25606417656 -4.84286403656
70 70519000000 8.61469173431 4.20763874054
70 70519000000 -1.34449958801 5.11284589767
70 70633000000 -2.34335136414 -4.77949333191
70 70633000000 -1.29795634747 5.14404392242
70 70751000000 -2.51349496841 -4.76377296448
70 70751000000 8.67618370056 3.86117386818
70 70751000000 -1.21181511879 5.1706237793
70 70867000000 8.73408031464 3.71112823486
70 70867000000 -1.15120339394 5.17734241486
70 70978000000 -2.69148874283 -4.69007968903
70 70978000000 7.19990634918 -6.28253316879
70 70978000000 8.75475788116 3.60611224174
70 70978000000 -1.10429644585 5.20747756958
71 71093000000 7.01354646683 -6.39861965179
71 71093000000 -1.03417229652 5.20484638214
71 71200000000 -2.90356945992 -4.59168100357
71 71200000000 8.79466342926 3.2949244976
71 71200000000 -0.986475169659 5.22426080704
71 71323000000 6.74823188782 -6.61539793015
71 71323000000 8.8267250061 3.1408996582
71 71323000000 -0.924079298973 5.23444986343
71 71438000000 8.88748073578 2.95425486565
71 71438000000 -0.848937153816 5.25715303421
71 71945000000 -3.57561564445 -4.23100280762
71 71945000000 5.96842575073 -7.26207304001
71 71945000000 8.96648788452 2.29297018051
71 71945000000 -0.573893666267 5.27240419388
72 72058000000 -3.64481735229 -4.23477172852
72 72058000000 8.94259166718 2.22662162781
72 72058000000 -0.564592957497 5.30227184296
72 72166000000 -3.68009328842 -4.25985240936
72 72166000000 8.88198375702 2.21374416351
72 72166000000 -0.585664331913 5.30062389374
72 72276000000 8.93227672577 2.21787214279
72 72276000000 -0.60968285799 5.27550888062
72 72383000000 -3.71223807335 -4.21735286713
72 72383000000 5.79372358322 -7.2900352478
72 72383000000 -0.644255936146 5.29485654831
72 72491000000 -3.73011922836 -4.20963335037
72 72491000000 5.78171443939 -7.30385971069
72 72491000000 -0.654258787632 5.28065013885
72 72621000000 -3.75751280785 -4.20406389236
72 72621000000 -0.685809373856 5.28931999207
72 72728000000 -3.78796720505 -4.21705198288
72 72728000000 5.71790075302 -7.2851858139
72 72728000000 -0.722219884396 5.28811597824
72 72842000000 -3.82877182961 -4.21658229828
72 72842000000 5.72074556351 -7.33348226547
72 72842000000 -0.754695773125 5.3161816597
72 72951000000 -3.85886001587 -4.2235045433
72 72951000000 8.72867965698 2.23564338684
72 72951000000 -0.785830199718 5.29267978668
73 73059000000 -3.85503029823 -4.21215629578
73 73059000000 8.71183490753 2.23096895218
73 73059000000 -0.788425326347 5.27604293823
73 73164000000 8.69457530975 2.22547054291
73 73164000000 -0.829401910305 5.27777910233
73 73274000000 -3.93118190765 -4.22489976883
73 73274000000 5.588722229 -7.28485107422
73 73274000000 8.66757106781 2.22451376915
73 73274000000 -0.855864048004 5.28559303284
73 73384000000 8.62723445892 2.2162759304
73 73384000000 -0.871643066406 5.29168748856
73 73496000000 -3.9749777317 -4.22390890121
73 73496000000 8.62777137756 2.22729277611
73 73496000000 -0.908614695072 5.28560829163
73 73601000000 -4.0225687027 -4.22173929214
73 73601000000 -0.944013476372 5.3104557991
73 73708000000 -0.966707706451 5.27701234818
73 73813000000 -4.05042028427 -4.22000217438
73 73813000000 -0.989332795143 5.28925800323
73 73930000000 5.42840051651 -7.30102109909
73 73930000000 -1.02425432205 5.31532812119
74 74046000000 5.4167470932 -7.2889213562
74 74046000000 -1.03689920902 5.28860521317
74 74153000000 -4.14535856247 -4.21886205673
74 74153000000 8.48592567444 2.24166178703
74 74153000000 -1.0674186945 5.31298780441
74 74262000000 -4.15536785126 -4.21585035324
74 74262000000 8.39380550385 2.21289825439
74 74262000000 -1.08236527443 5.27857255936
74 74382000000 5.34214401245 -7.33106660843
74 74382000000 8.38866615295 2.22275781631
74 74382000000 -1.12140238285 5.30205821991
74 74484000000 -4.21902513504 -4.2270655632
74 74484000000 8.32659912109 2.21184253693
74 74484000000 -1.15308392048 5.30010223389
74 74600000000 -1.18325579166 5.29305267334
74 74704000000 -4.25482797623 -4.20965623856
74 74704000000 -1.19043970108 5.28843784332
74 74832000000 -4.29969263077 -4.22004365921
74 74832000000 -1.22155725956 5.2883887291
74 74949000000 -4.32072162628 -4.22414827347
74 74949000000 -1.24549031258 5.29059696198
75 75056000000 -1.26672768593 5.28302335739
75 75176000000 -4.40397596359 -4.25455188751
75 75176000000 5.13595151901 -7.28478956223
75 75176000000 8.20701313019 2.22938036919
75 75176000000 -1.31188714504 5.30200242996
75 75301000000 -4.42962551117 -4.22537183762
75 75301000000 8.18556022644 2.21442008018
75 75301000000 -1.33498597145 5.27340745926
75 75416000000 8.13391494751 2.21554756165
75 75416000000 -1.36054861546 5.27290630341
75 75532000000 -4.48907613754 -4.24401664734
75 75532000000 5.03915977478 -7.28059196472
75 75532000000 8.12281703949 2.23020386696
75 75532000000 -1.3916336298 5.29580926895
75 75663000000 5.00563526154 -7.28218412399
75 75663000000 -1.431828022 5.28265476227
75 75778000000 -4.51482820511 -4.20307397842
75 75778000000 -1.45327043533 5.27912044525
75 75885000000 -4.56410455704 -4.23425102234
75 75885000000 -1.47643077374 5.30231809616
75 75996000000 -1.50413036346 5.29877233505
76 76111000000 -1.53578519821 5.3083190918
76 76235000000 -4.63730716705 -4.22515058517
76 76235000000 7.94003248215 2.21657967567
76 76235000000 -1.54953384399 5.29271936417
76 76350000000 7.90713644028 2.21648597717
76 76350000000 -1.58677637577 5.28295135498
76 76464000000 4.82131576538 -7.2960100174
76 76464000000 7.87270593643 2.21461677551
76 76464000000 -1.61405074596 5.30780363083
76 76578000000 -4.7260556221 -4.23212480545
76 76578000000 7.85022354126 2.22470569611
76 76578000000 -1.65150201321 5.29606628418
76 76688000000 4.76639127731 -7.29955244064
76 76688000000 -1.6710408926 5.27488803864
76 76798000000 4.72906017303 -7.27312469482
76 76798000000 -1.70047569275 5.28543376923
76 76911000000 -4.79742145538 -4.22797012329
76 76911000000 -1.72497534752 5.29168462753
77 77011000000 -4.83468008041 -4.23385286331
77 77011000000 -1.75263893604 5.30902528763
77 77130000000 7.73113155365 2.22468161583
77 77130000000 -1.78173971176 5.30370330811
77 77249000000 7.73060083389 2.22528386116
77 77249000000 -1.79502773285 5.28125858307
77 77360000000 -4.89451742172 -4.20846986771
77 77360000000 4.61566305161 -7.29353094101
77 77360000000 7.68029260635 2.2209713459
77 77360000000 -1.8387992382 5.30779457092
77 77465000000 4.55942583084 -7.27338790894
77 77465000000 7.63884115219 2.2177233696
77 77465000000 -1.87265014648 5.29305267334
77 77577000000 7.61572885513 2.21871113777
77 77577000000 -1.89323675632 5.32055521011
77 77691000000 -4.97986555099 -4.21638965607
77 77691000000 -1.90491640568 5.29175186157
77 77807000000 -5.00820207596 -4.22177934647
77 77807000000 4.53274583817 -7.30950260162
77 77807000000 -1.9337682724 5.29728555679
77 77936000000 -1.98820412159 5.3009095192
78 78052000000 -5.07716703415 -4.22317886353
78 78052000000 7.52360677719 2.22409844398
78 78052000000 -1.99963748455 5.28800821304
78 78179000000 -5.11509561539 -4.21972608566
78 78179000000 4.44090175629 -7.34578609467
78 78179000000 7.49522542953 2.22637915611
78 78179000000 -2.03432512283 5.28933429718
78 78287000000 7.45095872879 2.21879053116
78 78287000000 -2.05273604393 5.28665590286
78 78405000000 7.4500541687 2.23477005959
78 78405000000 -2.06829333305 5.28052091599
78 78520000000 -5.15391302109 -4.19088840485
78 78520000000 4.34653520584 -7.28842639923
78 78520000000 -2.11014223099 5.3090929985
78 78638000000 -5.19937801361 -4.209608078
78 78638000000 4.31738948822 -7.29470586777
78 78638000000 -2.14467787743 5.30757665634
78 78748000000 -2.17402982712 5.30745601654
78 78869000000 -5.25906801224 -4.2129611969
78 78869000000 4.24200630188 -7.27885293961
78 78869000000 -2.19111013412 5.30336666107
78 78982000000 -5.27684688568 -4.20971536636
78 78982000000 7.29865121841 2.22956705093
78 78982000000 -2.21411037445 5.27203369141
79 79087000000 7.23704338074 2.2209341526
79 79087000000 -2.25397062302 5.28430700302
79 79204000000 4.14338493347 -7.26592111588
79 79204000000 7.25284528732 2.23519802094
79 79204000000 -2.27418255806 5.28202295303
79 79321000000 -5.36396837234 -4.20831394196
79 79321000000 4.15825462341 -7.30504608154
79 79321000000 7.22755813599 2.22882008553
79 79321000000 -2.29905867577 5.28667497635
79 79428000000 -5.39760541916 -4.21694374084
79 79428000000 -2.32886052132 5.30578708649
79 79536000000 -5.43465948105 -4.21849346161
79 79536000000 4.08405637741 -7.2709569931
79 79536000000 -2.36163139343 5.3014550209
79 79652000000 -5.46311426163 -4.21464157104
79 79652000000 -2.3849902153 5.28591823578
79 79781000000 -5.50182151794 -4.23287057877
79 79781000000 7.07883644104 2.22273254395
79 79781000000 -2.41074204445 5.29917478561
79 79896000000 3.97874331474 -7.27313423157
79 79896000000 7.0668129921 2.22369265556
79 79896000000 -2.43599414825 5.27503728867
80 80012000000 -5.53975248337 -4.21635293961
80 80012000000 7.04610586166 2.22379755974
80 80012000000 -2.46759605408 5.28260660172
80 80115000000 -5.57659339905 -4.23319911957
80 80115000000 7.00913619995 2.20472431183
80 80115000000 -2.49425697327 5.28633069992
80 80236000000 -5.63198518753 -4.25061845779
80 80236000000 3.90554666519 -7.26584386826
80 80236000000 -2.51801323891 5.29476261139
80 80352000000 -2.5457201004 5.26888990402
80 80462000000 -2.5728905201 5.29872274399
80 80584000000 -5.68268918991 -4.22273778915
80 80584000000 6.92897605896 2.23032307625
80 80584000000 -2.59813594818 5.2880654335
80 80716000000 -5.7078204155 -4.22430515289
80 80716000000 6.87188100815 2.22445201874
80 80716000000 -2.63302898407 5.28283548355
80 80839000000 3.77188229561 -7.28285455704
80 80839000000 6.85826683044 2.23382592201
80 80839000000 -2.67050170898 5.30280685425
80 80956000000 -5.7737569809 -4.21721172333
80 80956000000 3.73429632187 -7.28696537018
80 80956000000 -2.70162582397 5.29001569748
81 81066000000 -5.79213905334 -4.22210121155
81 81066000000 -2.71758460999 5.30795812607
81 81171000000 -5.81188058853 -4.2099404335
81 81171000000 3.6888217926 -7.27651166916
81 81171000000 -2.75156188011 5.30009269714
81 81287000000 3.64433002472 -7.26664972305
81 81287000000 -2.77673363686 5.2991900444
81 81392000000 6.70867681503 2.21889781952
81 81392000000 -2.80600857735 5.29132413864
81 81497000000 -5.88186788559 -4.2136259079
81 81497000000 6.68956947327 2.22365927696
81 81497000000 -2.82939696312 5.30720329285
81 81611000000 -5.92014551163 -4.22681236267
81 81611000000 3.58094072342 -7.2795419693
81 81611000000 6.65064382553 2.22111558914
81 81611000000 -2.85307073593 5.29390621185
81 81718000000 -2.90271067619 5.31851100922
81 81833000000 3.53739380836 -7.30053329468
81 81833000000 -2.90984749794 5.29497051239
81 81940000000 -6.03752994537 -4.23760414124
81 81940000000 -2.95634245872 5.33199214935
82 82041000000 -6.01612567902 -4.21642208099
82 82041000000 6.55747175217 2.22762060165
82 82041000000 -2.95921373367 5.30800056458
82 82153000000 -6.04211568832 -4.20102930069
82 82153000000 3.46745562553 -7.31417942047
82 82154000000 6.53710079193 2.22295284271
82 82154000000 -2.98544311523 5.29153299332
82 82263000000 -6.07554197311 -4.22319984436
82 82263000000 6.50208950043 2.22521948814
82 82263000000 -3.01438546181 5.29943323135
82 82376000000 -3.03702044487 5.29436063766
82 82504000000 -6.13363790512 -4.20939540863
82 82504000000 6.43658351898 2.21893811226
82 82504000000 -3.06059908867 5.28560256958
82 82614000000 -6.17529058456 -4.22154712677
82 82614000000 -3.09827446938 5.30309343338
82 82719000000 -6.20770025253 -4.2409286499
82 82719000000 6.37840652466 2.21483182907
82 82719000000 -3.09397053719 5.27384233475
82 82821000000 3.3090877533 -7.30418157578
82 82821000000 6.38444042206 2.23425197601
82 82821000000 -3.140812397 5.28697109222
82 82941000000 3.27643322945 -7.28885126114
82 82941000000 6.3465294838 2.23685836792
82 82941000000 -3.14664030075 5.27897405624
83 83059000000 -6.28270959854 -4.22593688965
83 83059000000 6.32644176483 2.23374319077
83 83059000000 -3.19505643845 5.29095315933
83 83189000000 -6.29183721542 -4.2089972496
83 83189000000 -3.22708034515 5.30032777786
83 83317000000 6.24067354202 2.21912074089
83 83317000000 -3.27593708038 5.32676887512
83 83432000000 6.21966552734 2.21832466125
83 83432000000 -3.29735136032 5.30713367462
83 83543000000 -6.3717880249 -4.20136356354
83 83543000000 3.14220356941 -7.30336427689
83 83543000000 6.20729398727 2.22527861595
83 83543000000 -3.30835366249 5.29069900513
83 83648000000 -6.4295167923 -4.2247004509
83 83648000000 3.11066675186 -7.29177951813
83 83648000000 6.19986438751 2.24155664444
83 83648000000 -3.34039020538 5.29288959503
83 83777000000 3.05741453171 -7.28568267822
83 83777000000 6.12015390396 2.22229242325
83 83777000000 -3.38772630692 5.31576824188
83 83881000000 3.05119681358 -7.28794431686
83 83881000000 6.14740228653 2.22938346863
83 83881000000 -3.39212870598 5.30382823944
83 83999000000 3.01760625839 -7.28831195831
83 83999000000 6.08257246017 2.21727275848
83 83999000000 -3.42526364326 5.30321455002
84 84113000000 -6.51866292953 -4.21634340286
84 84113000000 6.10556173325 2.24468755722
84 84113000000 -3.45126104355 5.29636144638
84 84225000000 -6.58762693405 -4.22778511047
84 84225000000 -3.49452829361 5.30086517334
84 84351000000 2.94255948067 -7.30590581894
84 84351000000 6.01878738403 2.22859501839
84 84351000000 -3.51524424553 5.3159031868
84 84460000000 2.9050347805 -7.27595186234
84 84460000000 -3.54261398315 5.29867458344
84 84571000000 2.90120124817 -7.32910060883
84 84571000000 5.94790840149 2.21690940857
84 84571000000 -3.54684567451 5.27706384659
84 84680000000 -6.65269184113 -4.20494318008
84 84680000000 5.91059875488 2.22359347343
84 84680000000 -3.587444067 5.28594779968
84 84793000000 -6.6850476265 -4.2225022316
84 84793000000 5.90965795517 2.22759771347
84 84793000000 -3.61173033714 5.29539489746
84 84903000000 2.80758476257 -7.31397533417
84 84903000000 5.85865259171 2.22252130508
84 84904000000 -3.61455631256 5.26454973221
85 85006000000 2.76732397079 -7.27346897125
85 85006000000 5.85825014114 2.22577786446
85 85110000000 2.74731016159 -7.28675270081
85 85110000000 5.81929731369 2.22687768936
85 85110000000 -3.69660425186 5.29662895203
85 85223000000 2.7351937294 -7.30232810974
85 85223000000 5.80543518066 2.22963237762
85 85223000000 -3.70918655396 5.28540468216
85 85334000000 -6.83235788345 -4.23058128357
85 85334000000 2.7154853344 -7.31345844269
85 85334000000 5.80713415146 2.23475170135
85 85334000000 -3.73623585701 5.28737545013
85 85456000000 2.64965844154 -7.27547359467
85 85456000000 5.7483291626 2.22702789307
85 85456000000 -3.77848553658 5.29549694061
85 85569000000 -6.87543725967 -4.22037410736
85 85569000000 2.64746212959 -7.30285596848
85 85569000000 5.71016359329 2.223757267
85 85687000000 5.68288755417 2.2220416069
85 85687000000 -3.84109783173 5.31382703781
85 85794000000 2.59686899185 -7.29158210754
85 85794000000 5.68177747726 2.23012757301
85 85794000000 -3.86029887199 5.29777669907
85 85901000000 -6.94233226776 -4.20989370346
85 85901000000 2.55788636208 -7.28723621368
85 85901000000 5.63091993332 2.22182679176
85 85902000000 -3.89134073257 5.29490995407
86 86008000000 2.53439188004 -7.27856445312
86 86008000000 5.61444139481 2.22343826294
86 86008000000 -3.90466380119 5.28891944885
86 86125000000 2.51050949097 -7.30230379105
86 86125000000 5.58536672592 2.22401070595
86 86232000000 -7.02801418304 -4.21147584915
86 86232000000 5.55020332336 2.22660374641
86 86232000000 -3.96251630783 5.28952646255
86 86362000000 2.43061637878 -7.26889467239
86 86362000000 5.52620363235 2.22888565063
86 86362000000 -3.98515081406 5.29397439957
86 86484000000 -7.14847898483 -4.23341751099
86 86484000000 2.41270971298 -7.28824520111
86 86484000000 5.47706317902 2.21727609634
86 86587000000 2.39529037476 -7.28049707413
86 86587000000 5.4657998085 2.21758246422
86 86587000000 -4.0468006134 5.30385780334
86 86695000000 2.37493109703 -7.29430913925
86 86695000000 5.4366569519 2.23159575462
86 86801000000 -7.159740448 -4.21322631836
86 86801000000 5.41305208206 2.21166992188
86 86801000000 -4.08493471146 5.28464317322
86 86911000000 5.37741756439 2.21995425224
86 86911000000 -4.12659597397 5.29920625687
87 87033000000 -7.22523069382 -4.21360588074
87 87033000000 2.27990889549 -7.29492807388
87 87033000000 5.34763383865 2.22676372528
87 87137000000 2.26244068146 -7.28223514557
87 87137000000 5.33632516861 2.22219204903
87 87137000000 -4.17193078995 5.27238273621
87 87260000000 -7.28808355331 -4.21951055527
87 87260000000 2.23125171661 -7.27761316299
87 87260000000 5.3008146286 2.21470165253
87 87260000000 -4.23348855972 5.29124450684
87 87368000000 2.21053767204 -7.30525970459
87 87368000000 5.27020740509 2.21797990799
87 87368000000 -4.23023319244 5.29599142075
87 87477000000 5.24612092972 2.21848464012
87 87477000000 -4.2655506134 5.28310585022
87 87590000000 2.1534576416 -7.27553892136
87 87590000000 5.21678590775 2.21998620033
87 87694000000 -7.36462831497 -4.20244598389
87 87694000000 2.15324926376 -7.35041379929
87 87694000000 5.20870685577 2.21964216232
87 87824000000 -7.4096660614 -4.21817922592
87 87824000000 2.09436130524 -7.29339694977
87 87824000000 5.16611909866 2.21973371506
87 87824000000 -4.34547758102 5.28935289383
87 87934000000 -7.42736101151 -4.20922374725
87 87934000000 2.0545065403 -7.26138401031
87 87934000000 5.12478685379 2.21925115585
88 88048000000 5.11383008957 2.22698354721
88 88048000000 -4.45501565933 5.35250854492
88 88167000000 -7.49362659454 -4.21944046021
88 88167000000 2.02199006081 -7.29159212112
88 88167000000 5.09767580032 2.23132634163
88 88167000000 -4.44417572021 5.31308984756
88 88280000000 1.97664439678 -7.27683877945
88 88280000000 5.06904554367 2.22846126556
88 88280000000 -4.46525430679 5.30252504349
88 88388000000 1.96838414669 -7.29560899734
88 88388000000 5.0628657341 2.227673769
88 88388000000 -4.47626876831 5.29270648956
88 88496000000 -7.57774686813 -4.2285785675
88 88496000000 1.93208730221 -7.27047681808
88 88496000000 5.0144238472 2.22972106934
88 88607000000 4.98929214478 2.22869896889
88 88607000000 -4.51301908493 5.28534460068
88 88723000000 1.87249970436 -7.26375341415
88 88723000000 4.94801425934 2.22647881508
88 88723000000 -4.57483959198 5.30241298676
88 88839000000 1.86321091652 -7.30352830887
88 88839000000 4.92495584488 2.22509860992
88 88839000000 -4.59118270874 5.30330848694
88 88953000000 4.90493917465 2.22093820572
89 89060000000 -7.70259237289 -4.21172857285
89 89060000000 1.81045424938 -7.31771802902
89 89060000000 4.87860059738 2.22723579407
89 89060000000 -4.62969923019 5.28431081772
89 89175000000 4.82828712463 2.21491622925
89 89175000000 -4.6885099411 5.30834722519
89 89282000000 -7.75949525833 -4.22044610977
89 89282000000 1.74522840977 -7.28006696701
89 89282000000 4.81535863876 2.22236800194
89 89394000000 4.77968502045 2.22470498085
89 89394000000 -4.73628330231 5.31696653366
89 89501000000 4.77860307693 2.22837400436
89 89501000000 -4.73710870743 5.28025865555
89 89610000000 1.67400574684 -7.28676128387
89 89610000000 4.73688077927 2.21706414223
89 89610000000 -4.75874519348 5.28185224533
89 89727000000 4.69903278351 2.22016453743
89 89727000000 -4.78445625305 5.28035640717
89 89841000000 -7.89601421356 -4.22121477127
89 89841000000 1.6247355938 -7.3006811142
89 89841000000 4.69388723373 2.21917653084
89 89841000000 -4.8186416626 5.30005455017
89 89948000000 4.63969707489 2.21609306335
89 89948000000 -4.85121440887 5.289457798
90 90056000000 4.65339899063 2.22521281242
90 90056000000 -4.87446975708 5.30560064316
90 90159000000 1.52795362473 -7.3025226593
90 90159000000 4.60740232468 2.22476673126
90 90271000000 4.56491565704 2.22106051445
90 90271000000 -4.91919803619 5.28687047958
90 90380000000 4.55032873154 2.2188565731
90 90380000000 -4.9393992424 5.29217910767
90 90482000000 1.45593118668 -7.27861166
90 90482000000 4.53238105774 2.22153115273
90 90482000000 -4.99686145782 5.31719064713
90 90592000000 4.51008939743 2.22536635399
90 90699000000 -8.09889316559 -4.22489833832
90 90699000000 1.42292845249 -7.29318904877
90 90699000000 4.47840213776 2.22639012337
90 90699000000 -5.02300024033 5.28716039658
90 90809000000 4.44294071198 2.22002530098
90 90809000000 -5.06553268433 5.29395294189
90 90929000000 4.4328751564 2.23114347458
91 91034000000 1.33116197586 -7.28282356262
91 91034000000 4.41318559647 2.23109960556
91 91034000000 -5.10746002197 5.30270814896
91 91147000000 4.36360311508 2.22140741348
91 91147000000 -5.14704656601 5.2904291153
91 91260000000 1.27881205082 -7.28890800476
91 91260000000 4.34382772446 2.21877884865
91 91374000000 4.32146215439 2.22715139389
91 91374000000 -5.18988752365 5.2974896431
91 91481000000 -8.30923366547 -4.22602319717
91 91481000000 4.28902387619 2.21989488602
91 91481000000 -5.23164367676 5.31368494034
91 91586000000 1.19121730328 -7.27756500244
91 91586000000 4.25547647476 2.21654939651
91 91586000000 -5.25192213058 5.30281305313
91 91691000000 4.24195671082 2.222417593
91 91691000000 -5.28921985626 5.29181480408
91 91796000000 1.15084302425 -7.30044460297
91 91796000000 4.22449922562 2.23188900948
91 91796000000 -5.31340074539 5.31043148041
91 91917000000 4.20470476151 2.2282538414
91 91917000000 -5.31755256653 5.28037691116
92 92027000000 4.15977907181 2.22286653519
92 92027000000 -5.33169841766 5.28382778168
92 92141000000 1.07254099846 -7.28587436676
92 92141000000 4.14358186722 2.22520923615
92 92141000000 -5.40020751953 5.31377124786
92 92250000000 4.09697532654 2.21837472916
92 92250000000 -5.40148115158 5.28769350052
92 92368000000 1.01054906845 -7.26930618286
92 92368000000 4.0822095871 2.22479987144
92 92368000000 -5.41558265686 5.29284095764
92 92487000000 4.05010843277 2.23306775093
92 92615000000 0.952794909477 -7.2642250061
92 92615000000 4.03865337372 2.23208045959
92 92615000000 -5.50584697723 5.30367994308
92 92729000000 0.93188482523 -7.27777481079
92 92729000000 3.99044108391 2.22529888153
92 92729000000 -5.51208543777 5.30565071106
92 92860000000 0.898102045059 -7.29362154007
92 92860000000 3.97045278549 2.23104476929
92 92983000000 3.93552732468 2.22895526886
92 92983000000 -5.60025596619 5.31180477142
93 93089000000 3.90093207359 2.21772933006
93 93089000000 -5.62604284286 5.28814888
93 93208000000 0.802816152573 -7.2906794548
93 93208000000 3.86991286278 2.22547245026
93 93208000000 -5.64474010468 5.29587841034
93 93334000000 3.83954238892 2.22195506096
93 93334000000 -5.73556900024 5.39011144638
93 93455000000 0.74949491024 -7.29070568085
93 93455000000 3.80968928337 2.21937990189
93 93455000000 -5.7096862793 5.32204723358
93 93569000000 3.79596042633 2.23599505424
93 93569000000 -5.72879219055 5.29457330704
93 93684000000 0.692761600018 -7.26991319656
93 93684000000 3.77327442169 2.22788977623
93 93796000000 3.72808814049 2.2219645977
93 93796000000 -5.81784486771 5.34795618057
93 93903000000 3.69865942001 2.21809744835
93 93903000000 -5.80055713654 5.29624795914
94 94015000000 0.60506528616 -7.27563524246
94 94015000000 3.69559264183 2.22034025192
94 94116000000 3.66644525528 2.22281193733
94 94216000000 0.558779001236 -7.22538805008
94 94216000000 3.62913441658 2.22084856033
94 94216000000 -5.867664814 5.28191423416
94 94333000000 3.60067152977 2.22456741333
94 94442000000 0.496289163828 -7.26305437088
94 94443000000 3.58337521553 2.22470760345
94 94551000000 0.481323957443 -7.28247404099
94 94552000000 3.55750226974 2.22409319878
94 94552000000 -5.94230747223 5.28383398056
94 94657000000 3.53722548485 2.22866392136
94 94658000000 -5.99438858032 5.29582071304
94 94769000000 0.419931381941 -7.28275442123
94 94769000000 3.49187254906 2.21979951859
94 94882000000 3.4784591198 2.22442126274
95 95004000000 0.373052686453 -7.29609537125
95 95004000000 3.43606591225 2.22274518013
95 95004000000 -6.06760644913 5.29596567154
95 95122000000 3.41106438637 2.21961665154
95 95122000000 -6.08333158493 5.27623033524
95 95233000000 3.38963365555 2.21657681465
95 95352000000 0.300657004118 -7.2763543129
95 95352000000 3.37067461014 2.22293996811
95 95477000000 3.34335446358 2.2317841053
95 95477000000 -6.17455911636 5.28176021576
95 95591000000 0.258676916361 -7.31859111786
95 95591000000 3.31596899033 2.22640967369
95 95591000000 -6.21476793289 5.30094718933
95 95700000000 3.27723789215 2.22045111656
95 95817000000 0.180113136768 -7.32094478607
95 95817000000 3.25970029831 2.23294711113
95 95817000000 -6.26408147812 5.30196666718
95 95931000000 3.22446513176 2.23025274277
95 95931000000 -6.3125667572 5.31157588959
96 96044000000 0.122389808297 -7.29302024841
96 96044000000 3.20142960548 2.22429561615
96 96157000000 0.10467633605 -7.27617835999
96 96157000000 3.17381453514 2.22396397591
96 96261000000 3.15218782425 2.22749757767
96 96261000000 -6.3714389801 5.30502939224
96 96367000000 0.0335273444653 -7.30218029022
96 96367000000 3.10300016403 2.22179961205
96 96484000000 3.10379266739 2.22824811935
96 96596000000 -0.00607275543734 -7.27065658569
96 96596000000 3.06579208374 2.22570347786
96 96705000000 -0.0306993871927 -7.31874370575
96 96705000000 3.06043863297 2.23535442352
96 96827000000 -0.0684660822153 -7.32146072388
96 96827000000 3.01435923576 2.23686528206
96 96827000000 -6.48712253571 5.27851819992
96 96941000000 -0.0851773843169 -7.29557704926
96 96941000000 2.99463248253 2.22892928123
97 97059000000 2.94532442093 2.21704626083
97 97168000000 -0.150149777532 -7.26913022995
97 97168000000 2.92234396935 2.22323584557
97 97278000000 2.90910243988 2.22299098969
97 97386000000 -0.193302094936 -7.28740596771
97 97386000000 2.87030124664 2.22320008278
97 97386000000 -6.61496019363 5.27822875977
97 97500000000 2.84628725052 2.22277498245
97 97612000000 2.82457947731 2.22786617279
97 97719000000 -0.268278747797 -7.29322099686
97 97719000000 2.79332923889 2.22636246681
97 97838000000 2.75601267815 2.21177196503
97 97838000000 -6.75386571884 5.32349014282
97 97953000000 -0.327429801226 -7.27350759506
97 97953000000 2.73363661766 2.21878838539
98 98063000000 2.70188236237 2.22337508202
98 98176000000 -0.37821829319 -7.28729629517
98 98176000000 2.6937019825 2.23517346382
98 98290000000 -0.411023229361 -7.27262401581
98 98290000000 2.66108083725 2.22517514229
98 98403000000 2.62781620026 2.22255158424
98 98512000000 -0.472448498011 -7.27378845215
98 98512000000 2.60089039803 2.21502351761
98 98625000000 2.56428837776 2.21417093277
98 98740000000 -0.517829537392 -7.27050542831
98 98740000000 2.54436182976 2.22132539749
98 98855000000 2.50875616074 2.21766495705
98 98966000000 -0.572911560535 -7.27300786972
98 98966000000 2.49799275398 2.22163581848
99 99084000000 -0.60299384594 -7.27000284195
99 99084000000 2.45880126953 2.21965098381
99 99199000000 2.44886183739 2.23009204865
99 99313000000 -0.659537792206 -7.27959775925
99 99313000000 2.41083097458 2.2222764492
99 99422000000 2.38965916634 2.22806119919
99 99544000000 -0.705807387829 -7.3295583725
99 99544000000 2.36224842072 2.22397470474
99 99663000000 2.33381080627 2.21831893921
99 99770000000 2.30662798882 2.2166326046
100 100336000000 -0.889605939388 -7.27101516724
100 100336000000 2.16969108582 2.2264342308
100 100448000000 -0.90719640255 -7.28350830078
100 100448000000 2.13565897942 2.22930145264
100 100569000000 -0.781148374081 -7.27263212204
100 100569000000 2.06101870537 2.2775683403
100 100676000000 -0.717259705067 -7.31765031815
100 100676000000 2.01290655136 2.29799795151
100 100787000000 -0.609105288982 -7.31593561172
100 100787000000 1.93415904045 2.35003471375
100 100893000000 1.86364555359 2.38987827301
101 101009000000 -0.409032016993 -7.31297206879
101 101009000000 1.80043780804 2.41120171547
101 101125000000 1.72385191917 2.44600367546
101 101246000000 -0.211805611849 -7.33936500549
101 101246000000 1.65362274647 2.47390699387
101 101355000000 -0.0883271619678 -7.34129428864
101 101355000000 1.5660674572 2.51389932632
101 101469000000 -0.030546259135 -7.31916570663
101 101469000000 1.51621174812 2.53248739243
101 101576000000 0.0590506084263 -7.35502767563
101 101576000000 1.45680642128 2.56678509712
101 101697000000 0.159195169806 -7.32513523102
101 101697000000 1.37919461727 2.58603453636
102 102186000000 0.564097285271 -7.27992534637
102 102186000000 1.08513057232 2.70259308815
102 102313000000 0.636337399483 -7.36253404617
102 102313000000 1.00136172771 2.69971752167
102 102430000000 0.989471256733 2.70716881752
102 102553000000 0.959458649158 2.70376968384
102 102665000000 0.540316879749 -7.26074838638
102 102665000000 0.920741081238 2.71237897873
102 102774000000 0.901813805103 2.7053000927
102 102886000000 0.494433373213 -7.29044961929
102 102886000000 0.87882655859 2.70687866211
102 102993000000 0.842279911041 2.70046329498
103 103110000000 0.441781699657 -7.2977142334
103 103110000000 0.820092082024 2.71450138092
103 103230000000 0.784365653992 2.70517730713
103 103340000000 0.766463458538 2.71519041061
103 103446000000 0.349938839674 -7.26410293579
103 103446000000 0.733618915081 2.70314621925
103 103561000000 0.714989483356 2.7079770565
103 103667000000 0.308657437563 -7.2854218483
103 103667000000 0.680840849876 2.70753026009
103 103777000000 0.652106463909 2.69724917412
103 103886000000 0.255774348974 -7.28538894653
103 103886000000 0.631283342838 2.6966688633
103 103998000000 0.2300465554 -7.27986097336
103 103998000000 0.610705077648 2.71125626564
104 104110000000 0.575693428516 2.69793248177
104 104229000000 0.175989449024 -7.27600669861
104 104229000000 0.555956482887 2.70698332787
104 104334000000 0.520115554333 2.69849443436
104 104868000000 0.39779239893 2.69356536865
104 104989000000 0.0499571450055 -7.28592920303
104 104989000000 0.343708306551 2.71642160416
105 105547000000 0.497962504625 -7.24732971191
105 105547000000 -0.00473294500262 2.73342013359
105 105651000000 0.565894126892 -7.22467374802
105 105651000000 -0.0665325373411 2.73496198654
105 105762000000 -0.106850080192 2.73538565636
105 105882000000 0.507110238075 -7.26965713501
105 105882000000 -0.124540008605 2.71879792213
105 105990000000 0.479526400566 -7.25372648239
105 105990000000 -0.155584543943 2.73712611198
106 106099000000 -0.168050959706 2.73088359833
106 106210000000 0.423239260912 -7.22992944717
106 106210000000 -0.200373530388 2.73803925514
106 106337000000 -0.233183160424 2.73632955551
106 106446000000 0.362141907215 -7.18675756454
106 106446000000 -0.258211731911 2.7350423336
106 106559000000 -0.283101022243 2.73864579201
106 106670000000 -0.308145821095 2.72948241234
106 106773000000 -0.334741204977 2.72750711441
106 106879000000 -0.367964178324 2.75603151321
106 106989000000 -0.38917991519 2.74102807045
107 107094000000 -0.413092821836 2.72743344307
107 107200000000 -0.429023563862 2.72113919258
107 107316000000 -0.470224946737 2.74284672737
107 107423000000 -0.489320755005 2.74697709084
107 107529000000 0.10250543803 -7.23203897476
107 107529000000 -0.521443963051 2.73224210739
107 107661000000 -0.534805476665 2.72758960724
107 107771000000 0.062388047576 -7.25123167038
107 107771000000 -0.572592735291 2.72286057472
107 107885000000 0.0284736715257 -7.23743104935
107 107885000000 -0.597253024578 2.74389672279
108 108002000000 -0.0125567447394 -7.23776340485
108 108002000000 -0.635061502457 2.73000264168
108 108129000000 -0.660386502743 2.7419295311
108 108244000000 -0.689314365387 2.74098992348
108 108364000000 -0.725107133389 2.74745297432
108 108473000000 -0.747105419636 2.73207569122
108 108587000000 -0.154213190079 -7.2274274826
108 108587000000 -0.775738418102 2.74145126343
108 108702000000 -0.794556260109 2.73178744316
108 108822000000 -0.197698161006 -7.23931503296
108 108822000000 -0.824102699757 2.7356300354
108 108939000000 -0.849788725376 2.72822570801
109 109045000000 -0.878241956234 2.7304494381
109 109152000000 -0.900209665298 2.739975214
109 109261000000 -0.937779426575 2.74691605568
109 109374000000 -0.331048309803 -7.21662998199
109 109374000000 -0.956800222397 2.74766135216
109 109484000000 -0.983814060688 2.74011850357
109 109599000000 -0.38395524025 -7.21225500107
109 109599000000 -1.01238083839 2.75017786026
109 109703000000 -1.03414666653 2.73131537437
110 110173000000 -1.29233574867 2.69251656532
110 110285000000 -1.39462244511 2.64819025993
110 110405000000 -1.46068739891 2.62665128708
110 110521000000 -1.51900613308 2.61656451225
110 110994000000 -1.65953326225 2.5999917984
111 111106000000 0.108927950263 -7.21113920212
111 111106000000 -1.69343221188 2.59365606308
111 111216000000 0.0996846184134 -7.25293111801
111 111216000000 -1.72115266323 2.60233068466
111 111321000000 -1.74285387993 2.60416150093
111 111426000000 -1.76237845421 2.58554506302
111 111542000000 -1.8006541729 2.61361408234
111 111656000000 0.000299606472254 -7.25440216064
111 111656000000 -1.81592607498 2.58877182007
111 111774000000 -1.85035097599 2.6012814045
111 111899000000 -0.0598794259131 -7.247838974
111 111899000000 -1.88658130169 2.59985423088
112 112010000000 -1.91895866394 2.60121655464
112 112118000000 -1.9263023138 2.58908104897
112 112237000000 -1.96640455723 2.60159277916
112 112350000000 -1.98556292057 2.59696125984
112 112463000000 -0.202013194561 -7.20748186111
112 112463000000 -2.01282978058 2.59514069557
112 112588000000 -2.05230307579 2.59329724312
113 113049000000 -2.32233405113 2.46484565735
113 113153000000 -2.36747932434 2.44101047516
113 113262000000 -2.43360972404 2.41657304764
113 113374000000 0.345227003098 -7.23127174377
113 113374000000 -2.50803399086 2.37137651443
113 113844000000 -2.63481354713 2.34235954285
113 113955000000 -2.65178799629 2.34044194221
114 114070000000 -2.69843101501 2.35768604279
114 114183000000 -2.71434950829 2.3514509201
114 114290000000 -2.73889422417 2.34733700752
114 114412000000 -2.77084994316 2.34944534302
114 114517000000 -2.8056075573 2.34936141968
114 114628000000 0.117714762688 -7.18697404861
114 114628000000 -2.81834506989 2.34613752365
114 114749000000 -2.85234212875 2.35036230087
114 114856000000 -2.88400554657 2.35289597511
114 114963000000 -2.90819454193 2.35635566711
115 115070000000 -2.92361593246 2.34880709648
115 115187000000 -2.96988749504 2.35915923119
115 115299000000 -2.97652769089 2.351344347
115 115414000000 -0.0675142556429 -7.18320131302
115 115414000000 -3.01161813736 2.35153579712
115 115526000000 -3.03123760223 2.34412431717
115 115642000000 -3.05802869797 2.34778952599
115 115754000000 -3.06275892258 2.33084177971
115 115855000000 -3.1272995472 2.34563994408
115 115973000000 -3.15160679817 2.35227394104
116 116492000000 -3.27781152725 2.35234928131
116 116601000000 -3.30254030228 2.34198784828
116 116721000000 -3.3818192482 2.28259181976
116 116853000000 -3.47748446465 2.21434402466
116 116966000000 -3.50291252136 2.16500163078
117 117464000000 -3.77321791649 1.90844190121
117 117577000000 -3.82512426376 1.85602986813
117 117689000000 -3.88759946823 1.86672401428
117 117802000000 -3.89063930511 1.8487445116
117 117918000000 -3.92426872253 1.85913598537
118 118035000000 -3.94391679764 1.86260473728
118 118151000000 0.307630717754 -7.187541008
118 118151000000 -3.95834922791 1.85651993752
118 118260000000 -3.98950743675 1.85537803173
118 118371000000 -4.0076675415 1.85575389862
118 118485000000 -4.08294200897 1.87553751469
118 118605000000 -4.08619117737 1.86327433586
118 118720000000 -4.11025047302 1.87041890621
118 118838000000 -4.14530849457 1.86084032059
118 118950000000 0.116399221122 -7.17399978638
118 118950000000 -4.16423654556 1.86043429375
119 119062000000 -4.22407817841 1.8759906292
119 119181000000 -4.21059703827 1.86753332615
119 119298000000 -4.24865579605 1.8559499979
119 119410000000 -4.27552223206 1.86006355286
119 119523000000 -4.31668043137 1.86348712444
120 120030000000 -4.4080953598 1.85307264328
120 120135000000 -4.43038082123 1.84293997288
120 120607000000 -4.58764982224 1.80177783966
120 120721000000 -4.61408996582 1.79394960403
120 120831000000 -4.65145111084 1.79969871044
120 120947000000 -4.68013477325 1.79286134243
121 121063000000 -4.69405221939 1.79620420933
121 121176000000 -4.72937726974 1.79828333855
121 121289000000 -4.7428150177 1.78809082508
121 121392000000 -4.80134773254 1.80924212933
121 121502000000 -4.81736278534 1.79738712311
121 121609000000 -4.84594917297 1.79927003384
122 122083000000 -4.93411064148 1.78681635857
122 122201000000 -4.97653102875 1.77358949184
122 122317000000 -5.07568502426 1.65549778938
122 122433000000 -5.12163829803 1.62616062164
122 122538000000 -5.13461017609 1.49850690365
122 122638000000 -5.1974568367 1.44680535793
123 123100000000 -5.40048408508 1.09243345261
123 123211000000 -5.41666460037 1.04836273193
123 123328000000 -5.45255756378 1.05057752132
123 123445000000 -5.47534227371 1.04402172565
123 123563000000 0.180489316583 -7.19974136353
123 123563000000 -5.4971165657 1.04942262173
123 123677000000 -5.52926158905 1.04641497135
124 124170000000 -5.65679836273 1.03943097591
124 124285000000 -5.70741510391 0.996131896973
124 124390000000 -5.73119211197 0.928903639317
124 124961000000 -5.9383187294 0.435495167971
125 125072000000 -5.94227170944 0.397138535976
125 125188000000 -5.96684646606 0.396415799856
125 125321000000 -6.02511262894 0.391156792641
125 125429000000 -6.05688905716 0.395343095064
125 125547000000 -6.0845656395 0.395708113909
125 125667000000 -6.10429906845 0.384708285332
125 125779000000 -6.12582111359 0.395485490561
125 125897000000 -6.15624380112 0.389446347952
126 126013000000 -6.18763160706 0.394083082676
126 126519000000 -6.29038333893 0.3865018785
126 126635000000 -6.32535886765 0.353260338306
126 126748000000 -6.37725114822 0.257752507925
126 126857000000 -6.37853765488 0.149532139301
126 126963000000 -6.4179353714 0.060734629631
127 127079000000 -6.44576263428 -0.0393280163407
127 127593000000 -6.5427236557 -0.523789525032
127 127711000000 -6.58833551407 -0.612494766712
127 127711000000 1.13797950745 -6.98498439789
127 127831000000 -6.61457777023 -0.615107476711
127 127831000000 1.10425817966 -6.99976873398
127 127947000000 -6.63240671158 -0.613999962807
128 128061000000 -6.65021848679 -0.603999555111
128 128061000000 1.04414439201 -6.95656061172
128 128176000000 -6.66573667526 -0.604196429253
128 128287000000 -6.70144414902 -0.608313143253
128 128287000000 0.995550692081 -6.9885225296
128 128401000000 -6.73179769516 -0.607736825943
128 128517000000 -6.74957036972 -0.605006635189
128 128517000000 0.945657610893 -6.98630094528
128 128638000000 -6.78064060211 -0.612844228745
128 128765000000 -6.81354904175 -0.610492229462
128 128765000000 0.883303821087 -6.97950077057
128 128875000000 -6.85566997528 -0.610155403614
128 128875000000 0.857678413391 -6.97790575027
128 128992000000 0.837349176407 -6.99013853073
129 129097000000 -6.90052032471 -0.606649339199
129 129097000000 0.788045883179 -6.94778060913
129 129219000000 -6.92206382751 -0.607157766819
129 129325000000 -6.9513297081 -0.60241740942
129 129325000000 0.741013765335 -6.97459459305
129 129439000000 -7.01216030121 -0.612791121006
129 129545000000 -7.02661848068 -0.6054033041
129 129545000000 0.685632407665 -6.99243736267
129 129650000000 -7.02978992462 -0.611325263977
129 129767000000 -7.07469367981 -0.611023843288
129 129767000000 0.641622722149 -6.98426580429
129 129880000000 -7.10606098175 -0.605888366699
129 129880000000 0.62238484621 -7.00523853302
130 130384000000 0.495228827 -6.9527130127
130 130502000000 0.482699245214 -6.95648813248
130 130612000000 0.583643913269 -6.99031162262
130 130722000000 -7.24769258499 -0.879943192005
130 130722000000 0.68023198843 -6.944835186
130 130836000000 0.763727068901 -6.95808935165
130 130941000000 0.835133075714 -6.90065336227
131 131050000000 0.966352045536 -6.89172697067
131 131168000000 1.019328475 -6.8654255867
131 131280000000 -7.31709671021 -1.45387935638
131 131280000000 1.09404289722 -6.85075569153
131 131840000000 1.57983386517 -6.71964979172
131 131955000000 1.59339749813 -6.70836448669
132 132082000000 -7.33030319214 -2.14333081245
132 132082000000 1.56279444695 -6.69645023346
132 132220000000 -7.36572790146 -2.14669394493
132 132220000000 1.52677106857 -6.72978830338
132 132329000000 1.50605881214 -6.71103000641
132 132430000000 1.4815980196 -6.72408056259
132 132549000000 1.45898771286 -6.74188661575
133 133017000000 -7.41480588913 -2.60987877846
133 133017000000 1.73850595951 -6.57736349106
133 133135000000 -7.38016939163 -2.72813892365
133 133135000000 1.84316813946 -6.54985570908
133 133253000000 1.91275930405 -6.54498958588
133 133370000000 1.97495019436 -6.50789356232
133 133496000000 -7.31457614899 -3.05423259735
133 133496000000 2.06432628632 -6.48665904999
133 133613000000 -7.29928159714 -3.20395064354
133 133613000000 2.16323375702 -6.41209936142
134 134156000000 2.55351066589 -6.21896743774
134 134264000000 2.59795832634 -6.18941879272
134 134374000000 -7.15877580643 -3.82873058319
134 134374000000 2.54099607468 -6.21289587021
134 134490000000 -7.17873048782 -3.83483242989
134 134490000000 2.52348232269 -6.20437955856
134 134603000000 2.48671984673 -6.18568181992
134 134717000000 2.46309328079 -6.17922210693
134 134839000000 2.44950222969 -6.19974136353
134 134954000000 -7.30862903595 -3.84741377831
134 134954000000 2.41858410835 -6.21740579605
135 135062000000 2.38174772263 -6.20994853973
135 135169000000 -7.34747552872 -3.84257030487
135 135169000000 2.38006091118 -6.23615980148
135 135673000000 -7.454018116 -3.83270955086
135 135673000000 2.24423861504 -6.21398496628
135 135784000000 2.26367115974 -6.19486713409
135 135892000000 2.32843208313 -6.14304351807
136 136006000000 2.39556789398 -6.09866714478
136 136572000000 2.7532980442 -5.86280155182
136 136681000000 -7.10458135605 -4.82881402969
136 136681000000 2.84163331985 -5.83088159561
136 136791000000 -7.11295080185 -4.83990097046
136 136791000000 2.83264255524 -5.84118652344
136 136906000000 2.76495814323 -5.86304616928
137 137019000000 2.73235011101 -5.82696533203
137 137129000000 -7.25682878494 -4.82001304626
137 137129000000 2.7139544487 -5.83241653442
137 137241000000 2.67155408859 -5.82428503036
137 137353000000 2.64682793617 -5.82986497879
137 137466000000 2.62215733528 -5.82476043701
137 137588000000 2.58169269562 -5.81729125977
137 137691000000 2.56505584717 -5.82636213303
137 137806000000 2.54805254936 -5.8351225853
138 138330000000 2.42296361923 -5.8395524025
138 138435000000 -7.55669879913 -4.81293535233
138 138435000000 2.39335775375 -5.82856607437
138 138553000000 2.44223022461 -5.79062414169
138 138662000000 2.55248785019 -5.75223636627
138 138777000000 2.61388349533 -5.68459224701
139 139308000000 2.94278430939 -5.4627161026
139 139415000000 3.00745201111 -5.39753341675
139 139532000000 3.02824807167 -5.38477897644
139 139653000000 2.97887897491 -5.36721658707
139 139773000000 2.95648622513 -5.3783197403
139 139886000000 2.92431569099 -5.3720293045
140 140002000000 2.91106462479 -5.3849773407
140 140499000000 2.79094839096 -5.37486314774
140 140615000000 2.76165628433 -5.37733793259
140 140721000000 2.80877017975 -5.33260536194
140 140854000000 2.88045215607 -5.27706670761
140 140965000000 2.91084623337 -5.24725627899
141 141088000000 3.01922035217 -5.23039102554
141 141198000000 3.04238557816 -5.12515497208
141 141311000000 3.09009027481 -5.04744577408
141 141437000000 3.1519370079 -5.00464391708
142 142005000000 3.43621563911 -4.74333572388
142 142117000000 3.46256566048 -4.68414354324
142 142246000000 3.39361977577 -4.67859363556
142 142362000000 3.38093066216 -4.68074846268
142 142474000000 3.345962286 -4.67120981216
142 142584000000 3.32134914398 -4.68640422821
142 142692000000 3.31031107903 -4.69312286377
142 142805000000 3.28232359886 -4.69475793839
142 142917000000 3.27411484718 -4.70512723923
143 143030000000 3.24121499062 -4.70215702057
143 143559000000 3.10336065292 -4.69284057617
143 143663000000 3.08711838722 -4.68306922913
144 144140000000 3.31132125854 -4.42720937729
144 144257000000 3.33919930458 -4.39185094833
144 144363000000 3.29875564575 -4.39771366119
144 144478000000 3.28782916069 -4.40512895584
144 144596000000 3.25154948235 -4.39402675629
144 144710000000 3.22540283203 -4.39939165115
144 144821000000 3.19318962097 -4.39510202408
144 144926000000 3.17124319077 -4.40807819366
145 145036000000 3.14719605446 -4.40094995499
145 145151000000 3.12140727043 -4.40295982361
145 145265000000 3.08322381973 -4.39006567001
145 145376000000 3.07467556 -4.41768550873
145 145489000000 3.03775930405 -4.39104986191
145 145613000000 3.0104944706 -4.40359926224
145 145729000000 2.97376012802 -4.39422130585
145 145838000000 2.952876091 -4.38613986969
145 145951000000 2.92018198967 -4.40451145172
146 146067000000 2.89080500603 -4.38314676285
146 146178000000 2.86692786217 -4.39921617508
146 146293000000 2.85236740112 -4.4095864296
146 146405000000 2.81846308708 -4.39629554749
146 146520000000 2.81103873253 -4.43746137619
146 146637000000 2.76812267303 -4.40287065506
146 146765000000 2.73162770271 -4.40112924576
146 146892000000 2.70544624329 -4.40283918381
147 147116000000 2.64759850502 -4.4073638916
147 147346000000 2.59031510353 -4.3938035965
147 147566000000 2.55019235611 -4.4158821106
147 147780000000 2.48072957993 -4.39368343353
148 148008000000 2.44867300987 -4.41560173035
148 148238000000 2.37075614929 -4.38152170181
148 148358000000 2.36259007454 -4.40309619904
148 148577000000 2.31130838394 -4.40009593964
148 148692000000 2.2768445015 -4.40238046646
148 148812000000 2.26213002205 -4.40256690979
148 148926000000 2.20571208 -4.39649772644
149 149052000000 2.19015979767 -4.4109582901
149 149161000000 2.15451526642 -4.37703943253
149 149508000000 2.06540727615 -4.39830541611
149 149733000000 2.01749658585 -4.40151119232
149 149844000000 1.98669934273 -4.40110015869
150 150087000000 1.92597365379 -4.38570547104
150 150422000000 1.84045636654 -4.39193820953
150 150538000000 1.8367279768 -4.39604520798
150 150661000000 1.79808366299 -4.39401292801
151 151000000000 1.71738278866 -4.39416980743
151 151214000000 1.66958582401 -4.41179800034
151 151338000000 1.63073563576 -4.39961433411
151 151570000000 1.57272922993 -4.37716531754
151 151686000000 1.54548931122 -4.39525032043
151 151934000000 1.49066758156 -4.39959907532
152 152040000000 1.46466505527 -4.43264102936
152 152262000000 1.40438771248 -4.41947793961
152 152370000000 1.37443387508 -4.40017604828
152 152631000000 1.32485806942 -4.3945813179
152 152739000000 1.29652941227 -4.40450286865
152 152862000000 1.26354050636 -4.39233160019
152 152981000000 1.25313806534 -4.39197683334
153 153091000000 1.22784268856 -4.40833806992
153 153207000000 1.17748737335 -4.37987756729
153 153427000000 1.1270596981 -4.38864994049
153 153646000000 1.08699285984 -4.42931556702
153 153746000000 1.05856835842 -4.40776777267
153 153859000000 1.01611864567 -4.38489770889
153 153969000000 1.0057322979 -4.39858818054
154 154077000000 0.97218477726 -4.38251829147
154 154306000000 0.924999177456 -4.38800144196
154 154420000000 0.905685424805 -4.41378879547
154 154639000000 0.848583340645 -4.42926549911
154 154751000000 0.822491049767 -4.40580511093
155 155091000000 0.736081719398 -4.39103460312
155 155204000000 0.699080705643 -4.39585113525
155 155427000000 0.658060610294 -4.38474369049
155 155881000000 0.547169268131 -4.39224243164
156 156116000000 0.496542692184 -4.38498497009
156 156233000000 0.46906375885 -4.39616060257
156 156683000000 0.351439237595 -4.41439819336
156 156898000000 0.306219398975 -4.39018440247
157 157017000000 0.267205685377 -4.39733743668
157 157137000000 0.241106510162 -4.38195753098
157 157365000000 0.187262028456 -4.39804601669
157 157491000000 0.156310707331 -4.39420843124
157 157607000000 0.125894665718 -4.38913726807
157 157833000000 0.0882168710232 -4.39838266373
157 157937000000 0.0443579740822 -4.39735603333
158 158172000000 0.00530715612695 -4.39798545837
158 158291000000 -0.0375784188509 -4.38871908188
158 158516000000 -0.0785299539566 -4.40141677856
158 158625000000 -0.117813803256 -4.37867546082
158 158746000000 -0.145725384355 -4.38491106033
159 159000000000 -0.202069088817 -4.39962005615
159 159119000000 -0.226431384683 -4.40322399139
159 159224000000 -0.258091986179 -4.39067697525
159 159448000000 -0.316461056471 -4.40429258347
159 159561000000 -0.339346528053 -4.3823261261
159 159787000000 -0.395879179239 -4.40195512772
159 159905000000 -0.418505460024 -4.42163085938
160 160013000000 -0.459260195494 -4.39174604416
160 160233000000 -0.511753320694 -4.39952373505
160 160571000000 -0.580633997917 -4.40712213516
160 160695000000 -0.620863080025 -4.40736722946
160 160920000000 -0.661994099617 -4.40660381317
161 161371000000 -0.763761639595 -4.39331769943
161 161597000000 -0.820010185242 -4.42157888412
161 161712000000 -0.856855273247 -4.39419603348
162 162058000000 -0.933685779572 -4.39891767502
162 162168000000 -0.972096145153 -4.41205453873
162 162286000000 -0.987862288952 -4.41346549988
162 162397000000 -1.01596093178 -4.40822839737
163 163092000000 -1.16556119919 -4.38978481293
163 163625000000 -0.918253660202 -4.47298383713
163 163740000000 -0.907908082008 -4.48512029648
163 163960000000 -0.959824740887 -4.47150945663
164 164066000000 -0.990209817886 -4.47178554535
164 164307000000 -1.04272460938 -4.4722070694
164 164423000000 -1.07956719398 -4.49949359894
164 164534000000 -1.10326611996 -4.50000143051
164 164643000000 -1.12272429466 -4.475086689
164 164753000000 -1.1661657095 -4.49872636795
164 164873000000 -1.18521797657 -4.51966333389
164 164988000000 -1.22002148628 -4.470079422
165 165223000000 -1.275583148 -4.47892665863
165 165346000000 -1.28945028782 -4.47011137009
166 166540000000 -1.17747402191 -4.60267925262
166 166893000000 -1.20583045483 -4.61774301529
167 167124000000 -1.25409722328 -4.61348676682
167 167350000000 -1.32014679909 -4.6216135025
167 167700000000 -1.40866041183 -4.60824871063
168 168172000000 -1.51406753063 -4.6131772995
168 168409000000 -1.57365942001 -4.60848140717
168 168831000000 -1.66582989693 -4.58634662628
169 169319000000 -1.79070186615 -4.59308004379
169 169436000000 -1.81202530861 -4.59165334702
169 169546000000 -1.85671579838 -4.61309957504
169 169658000000 -1.88473284245 -4.59994888306
169 169779000000 -1.89782643318 -4.60601234436
169 169895000000 -1.92886996269 -4.59157943726
170 170006000000 -1.94767534733 -4.58644533157
170 170235000000 -1.9978351593 -4.60116195679
170 170350000000 -2.02365803719 -4.5920290947
171 171557000000 -2.26024770737 -4.63174295425
171 171789000000 -2.29935050011 -4.61523246765
172 172013000000 -2.3624560833 -4.63282203674
172 172234000000 -2.41775393486 -4.64093351364
172 172895000000 -2.56525731087 -4.61662864685
173 173431000000 -2.37421417236 -4.77340602875
173 173542000000 -2.36064434052 -4.81796598434
173 173770000000 -2.41182971001 -4.79757976532
173 173991000000 -2.45622229576 -4.79064464569
174 174454000000 -2.56631541252 -4.80415248871
174 174570000000 -2.5925090313 -4.80014371872
174 174685000000 -2.63209342957 -4.80529069901
174 174793000000 -2.66125011444 -4.80696582794
174 174909000000 -2.68176555634 -4.80544281006
175 175443000000 -2.81639671326 -4.82766866684
175 175560000000 -2.82427716255 -4.85912942886
175 175678000000 -2.75610494614 -4.90631771088
175 175787000000 -2.70313096046 -4.91491508484
176 176012000000 -2.59458374977 -4.98985958099
176 176120000000 -2.54182004929 -5.02757406235
176 176349000000 -2.40815210342 -5.10285520554
176 176462000000 -2.37767791748 -5.14780521393
176 176574000000 -2.28251457214 -5.17732906342
177 177099000000 -2.00064754486 -5.36160135269
177 177232000000 -1.98419332504 -5.36287021637
177 177461000000 -2.03732037544 -5.34485721588
178 178131000000 -2.2081155777 -5.36647462845
178 178371000000 -2.12998247147 -5.41584396362
178 178982000000 -1.76115500927 -5.56352996826
179 179094000000 -1.74789273739 -5.60451889038
179 179328000000 -1.80226516724 -5.58309459686
179 179449000000 -1.82367372513 -5.5977730751
179 179668000000 -1.88603687286 -5.60278987885
179 179790000000 -1.91241538525 -5.57693481445
179 179900000000 -1.9272005558 -5.59375238419
180 180022000000 -1.97907531261 -5.59102106094
180 180360000000 -2.04459309578 -5.59231805801
180 180588000000 -2.09400820732 -5.57302713394
180 180813000000 -2.15975904465 -5.58823823929
181 181054000000 -2.21026468277 -5.59643125534
181 181277000000 -2.26230502129 -5.59404659271
181 181528000000 -2.32345557213 -5.59215259552
181 181755000000 -2.3833386898 -5.61193609238
181 181975000000 -2.42820477486 -5.58869075775
182 182197000000 -2.47876000404 -5.58630084991
182 182525000000 -2.57247543335 -5.60252952576
182 182655000000 -2.60383248329 -5.59477090836
182 182758000000 -2.6127076149 -5.58904361725
182 182995000000 -2.69323182106 -5.61966562271
183 183233000000 -2.7433116436 -5.58956003189
183 183471000000 -2.79586553574 -5.59110164642
183 183714000000 -2.8602411747 -5.59932184219
184 184042000000 -2.92846250534 -5.57796049118
184 184164000000 -2.97445321083 -5.62905597687
184 184272000000 -2.99409794807 -5.60076379776
184 184386000000 -3.03241276741 -5.59888219833
184 184496000000 -3.04111456871 -5.59422492981
184 184613000000 -3.06554460526 -5.58329963684
184 184715000000 -3.10135912895 -5.61139011383
184 184823000000 -3.11537528038 -5.58458995819
184 184949000000 -3.14080572128 -5.57701635361
185 185065000000 -3.16239905357 -5.577252388
185 185177000000 -3.20648145676 -5.61409235001
185 185401000000 -3.26024246216 -5.60891819
185 185729000000 -3.31989789009 -5.56577730179
185 185957000000 -3.40682554245 -5.61561918259
186 186291000000 -3.46630191803 -5.60770654678
186 186847000000 -3.6093711853 -5.57646751404
187 187073000000 -3.66488718987 -5.581823349
187 187209000000 -3.70718598366 -5.59126758575
187 187453000000 -3.74601769447 -5.60251426697
187 187688000000 -3.81306099892 -5.60274362564
188 188029000000 -3.88479351997 -5.59813070297
188 188138000000 -3.92915344238 -5.61237621307
188 188365000000 -3.98159050941 -5.60314750671
188 188596000000 -4.02877664566 -5.59371089935
188 188719000000 -4.05334711075 -5.61579036713
188 188946000000 -4.11183452606 -5.60141038895
189 189074000000 -4.13328027725 -5.58216333389
189 189214000000 -4.16974020004 -5.59220409393
189 189319000000 -4.18897867203 -5.57705974579
189 189429000000 -4.23521757126 -5.59400320053
189 189542000000 -4.2477183342 -5.59593439102
189 189655000000 -4.2811999321 -5.59430885315
189 189767000000 -4.29950666428 -5.58217430115
189 189879000000 -4.33777141571 -5.58028268814
189 189990000000 -4.37215089798 -5.62789058685
190 190103000000 -4.38117170334 -5.58950281143
190 190324000000 -4.43581581116 -5.58969545364
190 190457000000 -4.4615278244 -5.59764909744
190 190568000000 -4.49876976013 -5.60662698746
190 190693000000 -4.53892326355 -5.60116529465
190 190804000000 -4.54965734482 -5.58732461929
191 191031000000 -4.63572978973 -5.62107229233
191 191146000000 -4.63259744644 -5.60200834274
191 191370000000 -4.70700359344 -5.6070022583
191 191842000000 -4.79982185364 -5.58490896225
191 191948000000 -4.84567975998 -5.65249252319
192 192059000000 -4.74317789078 -5.71401405334
192 192173000000 -4.66699934006 -5.73494005203
192 192994000000 -4.2831029892 -6.21775102615
193 193341000000 -4.35365581512 -6.20338153839
193 193676000000 -4.43434429169 -6.18297147751
194 194026000000 -4.52778816223 -6.20870923996
194 194359000000 -4.60272932053 -6.19539499283
194 194475000000 -4.63496017456 -6.22102546692
194 194699000000 -4.66359853745 -6.18637514114
194 194817000000 -4.71024942398 -6.1999745369
195 195041000000 -4.77799940109 -6.21885824203
195 195163000000 -4.78856563568 -6.19255113602
195 195489000000 -4.86370944977 -6.18888759613
195 195861000000 -4.98668527603 -6.24812030792
